#  
#   VizieR Astronomical Server vizier.u-strasbg.fr
#    Date: 2023-01-13T03:13:04 [V7.296]
#   In case of problem, please report to: cds-question@unistra.fr
# 
#   
#Coosys J2000: eq_FK5 J2000 
#INFO version=7.296 
#INFO -ref=VIZ63c0b5d8a79bd 
#INFO -out.max=9999 
#INFO queryParameters=17 
#-oc.form=dec
#-out.max=9999
#-order=D
#-nav=cat:I/239&tab:{I/239/hip_main}&key:source=I/239/hip_main&HTTPPRM:&&-ref=VIZ63c0b5d8a79bd&-out.max=9999&-out.form=HTML Table&-order=D&-oc.form=sexa&-out.src=I/239/hip_main&-c.eq=J2000&-c.r=  2&-c.u=arcmin&-c.geom=r&-out=HIP&-out=RAhms&-out=DEdms&-out=Vmag&Vmag=(-1, 0, 1, 2, 3, 4)&-out=B-V&-out=V-I&-meta.ucd=2&-meta=1&-meta.foot=1&-usenav=1&-bmark=POST&
#-c.eq=J2000
#-c.r=  2
#-c.u=arcmin
#-c.geom=r
#-out.src=I/239/hip_main
#-source=I/239/hip_main
#-out=HIP
#-out=RAhms
#-out=DEdms
#-out=Vmag
#Vmag=(-1, 0, 1, 2, 3, 4)
#-out=B-V
#-out=V-I
#

#RESOURCE=yCat_1239
#Name: I/239
#Title: The Hipparcos and Tycho Catalogues (ESA 1997)
#Coosys H_1991.250: ICRS     
#Table I_239_hip_main:
#Name: I/239/hip_main
#Title: The Hipparcos Main Catalogue
#---Details of Columns:
    HIP        (I6)    Identifier (HIP number) (H1) [ucd=meta.id;meta.main]
    RAhms      (A11)   Right ascension in h m s, ICRS (J1991.25) (H3) [ucd=pos.eq.ra]
    DEdms      (A11)   Declination in deg ' ", ICRS (J1991.25) (H4) [ucd=pos.eq.dec]
    Vmag (mag) (F5.2)  ? Magnitude in Johnson V (H5) [ucd=phot.mag;em.opt.V]
    B-V (mag)  (F6.3)  ? Johnson B-V colour (H37) [ucd=phot.color;em.opt.B;em.opt.V]
    V-I (mag)  (F5.2)  ? Colour index in Cousins' system (H40) [ucd=phot.color;em.opt.V;em.opt.I]
------ ----------- ----------- ----- ------ -----
                               Vmag  B-V    V-I  
HIP    RAhms       DEdms       (mag) (mag)  (mag)
------ ----------- ----------- ----- ------ -----
 55945 11 27 56.23 +02 51 22.6  4.95  1.000  0.95
 56127 11 30 18.88 -03 00 12.5  4.77  1.529  1.62
 56211 11 31 24.29 +69 19 52.0  3.82  1.613  1.79
 56280 11 32 16.42 -29 15 40.9  4.93  0.540  0.61
 56343 11 33 00.26 -31 51 27.1  3.54  0.947  0.92
 56480 11 34 45.71 -54 15 50.9  4.62 -0.077 -0.06
 56561 11 35 46.93 -63 01 11.4  3.11 -0.044 -0.01
 56633 11 36 40.95 -09 48 08.1  4.70 -0.073 -0.06
 56647 11 36 56.93 -00 49 25.9  4.30  0.983  0.98
 56922 11 40 12.82 -34 44 40.8  4.70 -0.070 -0.05
 56986 11 40 53.65 -62 05 24.4  4.93  1.111  1.11
 57283 11 44 45.76 -18 21 02.2  4.71  0.958  0.94
 57328 11 45 17.00 +08 15 29.4  4.84  0.174  0.19
 57363 11 45 36.57 -66 43 43.8  3.63  0.160  0.17
 57380 11 45 51.57 +06 31 47.3  4.04  1.501  1.79
 57399 11 46 03.13 +47 46 45.6  3.69  1.181  1.15
 57439 11 46 30.85 -61 10 42.1  4.11  0.895  0.88
 57443 11 46 32.25 -40 30 04.8  4.89  0.664  0.73
 57565 11 47 59.23 +20 13 08.2  4.50  0.547  0.69
 57581 11 48 14.49 -66 48 53.5  4.75  1.522  1.62
 57632 11 49 03.88 +14 34 20.4  2.14  0.090  0.10
 57669 11 49 41.09 -63 47 18.6  4.30 -0.149 -0.09
 57696 11 49 56.63 -70 13 32.8  4.98  1.360  1.31
 57757 11 50 41.29 +01 45 55.4  3.59  0.518  0.61
 57803 11 51 08.75 -45 10 24.4  4.47  1.283  1.24
 57851 11 51 51.27 -65 12 21.2  4.89 -0.123 -0.11
 57936 11 52 54.56 -33 54 29.3  4.29 -0.100 -0.07
 58001 11 53 49.74 +53 41 41.0  2.41  0.044  0.06
 58484 11 59 37.69 -78 13 18.5  4.88 -0.054 -0.02
 58590 12 00 52.39 +06 36 51.8  4.65  0.122  0.14
 58758 12 03 01.70 -63 18 46.6  4.32  0.280  0.36
 58867 12 04 19.24 -63 09 56.6  4.72 -0.081 -0.06
 58948 12 05 12.67 +08 43 58.2  4.12  0.967  0.96
 59072 12 06 52.85 -64 36 49.1  4.14  0.353  0.41
 59173 12 08 05.26 -50 39 40.5  4.46 -0.163 -0.16
 59196 12 08 21.54 -50 43 20.7  2.58 -0.128 -0.12
 59199 12 08 24.75 -24 43 43.6  4.02  0.334  0.40
 59316 12 10 07.53 -22 37 11.3  3.02  1.326  1.23
 59449 12 11 39.15 -52 22 06.3  3.97 -0.156 -0.17
 59747 12 15 08.76 -58 44 56.0  2.79 -0.193 -0.25
 59774 12 15 25.45 +57 01 57.4  3.32  0.077  0.03
 59803 12 15 48.47 -17 32 31.1  2.58 -0.107 -0.10
 59847 12 16 20.56 +23 56 43.5  4.93  0.957  0.94
 59856 12 16 30.17 +33 03 42.5  4.99  1.140  1.12
 59929 12 17 34.64 -67 57 38.4  4.06  1.603  2.82
 60000 12 18 20.94 -79 18 44.2  4.24 -0.123 -0.11
 60009 12 18 26.29 -64 00 11.0  4.06 -0.168 -0.18
 60129 12 19 54.39 -00 40 00.3  3.89  0.026  0.03
 60172 12 20 21.15 +03 18 45.8  4.97  1.172  1.19
 60202 12 20 43.09 +17 47 33.6  4.72  1.010  1.02
 60260 12 21 21.81 -60 24 04.9  3.59  1.389  1.39
 60351 12 22 30.32 +25 50 46.3  4.78  0.515  0.61
 60485 12 24 01.48 +51 33 44.0  4.76  0.877  0.89
 60697 12 26 24.07 +27 16 05.7  4.92  0.277  0.28
 60710 12 26 31.79 -51 27 02.2  4.82 -0.141 -0.16
 60718 12 26 35.94 -63 05 56.6  0.77 -0.243 -0.26
 60742 12 26 56.33 +28 16 07.0  4.35  1.128  1.04
 60746 12 26 59.30 +26 49 32.6  4.98  0.088  0.05
 60823 12 28 02.41 -50 13 50.2  3.91 -0.192 -0.20
 60965 12 29 51.98 -16 30 54.3  2.94 -0.012 -0.04
 61084 12 31 09.93 -57 06 45.2  1.59  1.600  2.37
 61174 12 32 04.48 -16 11 45.1  4.30  0.388  0.44
 61199 12 32 28.11 -72 07 58.7  3.84 -0.157 -0.14
 61281 12 33 29.04 +69 47 17.6  3.85 -0.116 -0.02
 61317 12 33 45.09 +41 21 24.4  4.24  0.588  0.67
 61359 12 34 23.23 -23 23 47.8  2.65  0.893  0.88
 61384 12 34 44.07 +70 01 18.4  4.95  1.312  1.27
 61394 12 34 51.12 +22 37 45.1  4.80  0.012  0.03
 61585 12 37 11.08 -69 08 07.9  2.69 -0.176 -0.23
 61622 12 37 42.33 -48 32 28.6  3.85  0.049  0.06
 61740 12 39 14.81 -07 59 43.8  4.66  1.240  1.15
 61789 12 39 52.56 -39 59 14.1  4.63 -0.082 -0.06
 61932 12 41 31.20 -48 57 35.6  2.20 -0.023 -0.01
 61941 12 41 40.00 -01 26 58.3  2.74  0.368  0.43
 61960 12 41 53.01 +10 14 09.0  4.88  0.076  0.08
 61966 12 41 56.60 -59 41 08.9  4.91 -0.044 -0.02
 62012 12 42 35.56 -48 48 46.9  4.66  1.075  1.03
 62268 12 45 37.92 -60 58 52.2  4.69  1.049  1.03
 62322 12 46 16.87 -68 06 29.1  3.04 -0.178 -0.19
 62327 12 46 22.75 -56 29 19.6  4.62 -0.150 -0.16
 62434 12 47 43.32 -59 41 19.4  1.25 -0.238 -0.27
 62683 12 50 41.19 -33 59 57.4  4.90 -0.031 -0.01
 62763 12 51 41.93 +27 32 26.6  4.93  0.681  0.70
 62867 12 53 06.98 -48 56 35.7  4.33  1.344  1.33
 62886 12 53 17.77 +21 14 42.1  4.89  0.904  0.91
 62896 12 53 26.15 -40 10 43.7  4.25  0.224  0.27
 62956 12 54 01.63 +55 57 35.4  1.76 -0.022 -0.04
 62985 12 54 21.17 -09 32 20.2  4.77  1.590  2.18
 63003 12 54 35.66 -57 10 40.4  4.03 -0.180 -0.26
 63007 12 54 39.22 -59 08 48.0  4.62 -0.153 -0.15
 63090 12 55 36.48 +03 23 51.4  3.39  1.571  2.24
 63125 12 56 01.84 +38 19 05.7  2.89 -0.115 -0.13
 63355 12 58 55.47 +17 24 33.7  4.76  1.568  1.79
 63462 13 00 16.49 +30 47 06.1  4.88  1.165  1.13
 63503 13 00 43.59 +56 21 58.8  4.93  0.368  0.45
 63608 13 02 10.76 +10 57 32.8  2.85  0.934  0.83
 63613 13 02 15.78 -71 32 55.7  3.61  1.190  1.17
 63724 13 03 33.35 -49 31 38.1  4.83  0.029  0.05
 63945 13 06 16.73 -48 27 47.7  4.71 -0.148 -0.14
 64004 13 06 54.66 -49 54 22.4  4.27 -0.182 -0.18
 64022 13 07 10.71 +27 37 29.7  4.80  1.482  1.55
 64166 13 09 03.28 -23 07 04.7  4.94  1.048  1.02
 64238 13 09 57.01 -05 32 20.1  4.38 -0.008  0.01
 64241 13 09 59.55 +17 31 44.8  4.32  0.455  0.53
 64394 13 11 52.92 +27 52 33.7  4.23  0.572  0.67
 64408 13 12 03.47 -37 48 11.3  4.85  0.693  0.73
 64425 13 12 17.63 -59 55 13.9  4.58 -0.073 -0.07
 64540 13 13 42.98 +40 09 10.3  4.94  1.061  1.03
 64583 13 14 15.43 -59 06 10.3  4.90  0.489  0.56
 64661 13 15 15.00 -67 53 40.4  4.79 -0.078 -0.09
 64820 13 17 13.03 -66 47 00.3  4.86  1.480  1.50
 64844 13 17 32.64 +40 34 21.2  4.72  0.306  0.31
 64852 13 17 36.29 +05 28 11.4  4.78  1.638  1.97
 64924 13 18 24.97 -18 18 31.0  4.74  0.709  0.75
 64962 13 18 55.25 -23 10 17.1  2.99  0.920  0.90
 65109 13 20 36.07 -36 42 43.5  2.75  0.068  0.02
 65271 13 22 37.98 -60 59 18.1  4.52 -0.141 -0.13
 65378 13 23 55.42 +54 55 31.5  2.23  0.057  0.07
 65387 13 24 00.44 -64 32 08.2  4.52  0.822  0.87
 65474 13 25 11.60 -11 09 40.5  0.98 -0.235 -0.25
 65477 13 25 13.42 +54 59 16.8  3.99  0.169  0.19
 65639 13 27 27.24 -15 58 25.1  4.76  1.096  1.02
 65721 13 28 25.95 +13 46 48.7  4.97  0.714  0.77
 65936 13 31 02.67 -39 24 26.2  3.90  1.186  1.10
 66006 13 31 57.95 -06 15 20.6  4.68  1.606  2.06
 66200 13 34 07.91 +03 39 32.5  4.92  0.029  0.03
 66234 13 34 27.37 +49 00 57.3  4.68  0.132  0.10
 66249 13 34 41.75 -00 35 45.4  3.38  0.114  0.12
 66257 13 34 47.75 +37 10 56.8  4.91  0.404  0.55
 66458 13 37 27.70 +36 17 41.4  4.82  0.239  0.31
 66657 13 39 53.27 -53 27 58.9  2.29 -0.171 -0.23
 66738 13 40 44.29 +54 40 54.0  4.63  1.630  1.97
 66821 13 41 44.81 -54 33 33.7  4.99 -0.055 -0.03
 67153 13 45 41.57 -33 02 36.1  4.23  0.390  0.44
 67234 13 46 39.37 -51 25 57.7  4.64  0.955  0.93
 67275 13 47 16.04 +17 27 24.4  4.50  0.508  0.51
 67301 13 47 32.55 +49 18 47.9  1.85 -0.099 -0.08
 67457 13 49 26.75 -34 27 02.3  4.19  1.520  3.00
 67459 13 49 28.70 +15 47 52.1  4.05  1.520  1.60
 67464 13 49 30.30 -41 41 15.6  3.41 -0.225 -0.24
 67472 13 49 37.01 -42 28 25.3  3.47 -0.170 -0.21
 67480 13 49 42.82 +21 15 50.6  4.92  1.432  1.38
 67494 13 49 52.34 -18 08 02.7  4.96  1.059  1.09
 67627 13 51 25.94 +64 43 23.8  4.58  1.572  2.35
 67665 13 51 47.49 +34 26 39.5  4.76  1.611  1.63
 67669 13 51 49.63 -32 59 38.5  4.32 -0.146 -0.12
 67786 13 53 12.55 -31 55 39.3  4.75 -0.111 -0.10
 67927 13 54 41.12 +18 23 54.9  2.68  0.580  0.65
 68002 13 55 32.43 -47 17 17.8  2.55 -0.176 -0.18
 68191 13 57 38.94 -63 41 11.8  4.71  1.075  1.05
 68245 13 58 16.28 -42 06 02.5  3.83 -0.224 -0.23
 68282 13 58 40.77 -44 48 12.7  3.87 -0.208 -0.22
 68520 14 01 38.78 +01 32 40.5  4.23  0.121  0.14
 68523 14 01 43.49 -45 36 12.1  4.34  0.598  0.65
 68702 14 03 49.44 -60 22 22.7  0.61 -0.231 -0.25
 68756 14 04 23.43 +64 22 32.9  3.67 -0.049 -0.08
 68862 14 06 02.79 -41 10 46.5  4.36 -0.198 -0.21
 68895 14 06 22.27 -26 40 55.3  3.25  1.091  1.10
 68933 14 06 41.32 -36 22 07.3  2.06  1.011  1.01
 69112 14 08 51.01 +77 32 50.8  4.80  1.368  1.34
 69191 14 09 54.96 -53 26 19.4  4.74  0.938  0.92
 69226 14 10 23.95 +25 05 30.6  4.82  0.541  0.57
 69269 14 10 50.48 -16 18 07.2  4.93  1.684  1.94
 69389 14 12 15.83 +02 24 34.2  4.99 -0.118 -0.11
 69427 14 12 53.74 -10 16 26.6  4.18  1.323  1.35
 69483 14 13 28.95 +51 47 24.0  4.53  0.233  0.23
 69701 14 16 00.88 -05 59 58.3  4.07  0.511  0.59
 69713 14 16 10.07 +51 22 01.3  4.75  0.236  0.19
 69732 14 16 23.18 +46 05 16.5  4.18  0.087  0.04
 69879 14 17 59.82 +35 30 34.1  4.80  1.057  1.00
 69896 14 18 13.97 -81 00 27.4  4.89  0.243  0.24
 69974 14 19 06.60 -13 22 16.2  4.52  0.128  0.11
 69996 14 19 24.23 -46 03 29.1  3.55 -0.184 -0.18
 70027 14 19 45.32 +16 18 24.5  4.84  1.228  1.16
 70069 14 20 19.55 -56 23 11.3  4.30  0.082  0.21
 70090 14 20 33.48 -37 53 07.0  4.05 -0.030 -0.02
 70104 14 20 42.55 -45 11 12.8  4.78  0.310  0.36
 70264 14 22 37.12 -58 27 33.0  4.76  0.795  0.83
 70300 14 23 02.26 -39 30 42.4  4.41 -0.185 -0.20
 70306 14 23 05.91 -27 45 13.4  4.78  1.300  1.31
 70327 14 23 22.74 +08 26 47.9  4.86  0.010  0.07
 70497 14 25 12.02 +51 51 06.2  4.04  0.497  0.59
 70574 14 26 08.24 -45 13 17.0  4.56 -0.147 -0.14
 70576 14 26 10.80 -45 22 45.3  4.33  0.434  0.58
 70638 14 26 55.74 -83 40 04.3  4.31  1.300  1.30
 70692 14 27 31.52 +75 41 45.4  4.25  1.431  1.42
 70753 14 28 10.44 -29 29 29.7  4.97 -0.074 -0.05
 70755 14 28 12.22 -02 13 40.6  4.81  0.693  0.73
 71053 14 31 49.86 +30 22 16.1  3.57  1.298  1.22
 71075 14 32 04.76 +38 18 28.4  3.04  0.191  0.17
 71121 14 32 37.08 -50 27 25.6  4.44 -0.177 -0.18
 71284 14 34 40.69 +29 44 41.3  4.47  0.364  0.41
 71352 14 35 30.45 -42 09 27.9  2.33 -0.157 -0.17
 71536 14 37 53.25 -49 25 32.7  4.05 -0.152 -0.16
 71681 14 39 39.39 -60 50 22.1  1.35  0.900  0.88
 71762 14 40 43.56 +16 25 05.9  4.49 -0.002  0.02
 71795 14 41 08.92 +13 43 42.0  3.78  0.044  0.06
 71832 14 41 38.76 +08 09 42.3  4.86  0.992  0.96
 71860 14 41 55.77 -47 23 17.3  2.30 -0.154 -0.21
 71865 14 41 57.61 -37 47 36.3  4.01 -0.157 -0.18
 71908 14 42 30.69 -64 58 28.5  3.18  0.256  0.26
 71957 14 43 03.56 -05 39 26.7  3.87  0.385  0.47
 71995 14 43 25.37 +26 31 40.4  4.80  1.672  2.13
 72010 14 43 39.48 -35 10 23.6  4.06  1.356  1.35
 72104 14 44 59.20 -35 11 30.6  4.92  0.013  0.02
 72105 14 44 59.25 +27 04 27.0  2.35  0.966  0.95
 72125 14 45 14.50 +16 57 51.9  4.60  0.972  0.94
 72220 14 46 14.99 +01 53 34.6  3.73 -0.005  0.01
 72370 14 47 51.73 -79 02 41.0  3.83  1.433  1.42
 72571 14 50 17.47 -27 57 36.8  4.42  1.366  1.43
 72607 14 50 42.40 +74 09 19.7  2.07  1.465  1.46
 72622 14 50 52.78 -16 02 29.8  2.75  0.147  0.16
 72631 14 51 01.02 -02 17 55.9  4.93  0.988  0.97
 72659 14 51 23.28 +19 06 02.3  4.54  0.720  0.82
 72683 14 51 38.32 -43 34 31.1  4.32 -0.154 -0.14
 73165 14 57 11.06 -04 20 45.9  4.47  0.318  0.38
 73199 14 57 35.12 +65 55 56.6  4.63  1.590  2.85
 73273 14 58 31.95 -43 08 01.9  2.68 -0.184 -0.23
 73334 14 59 09.70 -42 06 14.9  3.13 -0.208 -0.21
 73473 15 00 58.39 -08 31 08.2  4.91  0.000  0.07
 73555 15 01 56.79 +40 23 26.3  3.49  0.956  0.89
 73568 15 02 06.51 +25 00 29.7  4.80  1.506  1.54
 73620 15 02 54.07 +02 05 28.6  4.39  1.026  1.04
 73695 15 03 47.68 +47 39 14.5  4.83  0.647  0.71
 73714 15 04 04.26 -25 16 54.7  3.25  1.674  2.23
 73745 15 04 26.86 +26 56 51.6  4.52  1.240  1.23
 73807 15 05 07.11 -47 03 04.3  3.91 -0.144 -0.15
 73996 15 07 17.95 +24 52 10.5  4.93  0.429  0.51
 74117 15 08 50.63 -45 16 47.3  4.07 -0.162 -0.18
 74376 15 11 56.16 -48 44 15.7  3.88 -0.029 -0.02
 74392 15 12 13.31 -19 47 29.9  4.54 -0.071 -0.06
 74395 15 12 17.20 -52 05 56.7  3.41  0.918  0.91
 74449 15 12 49.60 -44 30 01.3  4.83 -0.177 -0.19
 74604 15 14 37.33 -31 31 08.9  4.91  0.374  0.48
 74666 15 15 30.10 +33 18 54.4  3.46  0.961  0.96
 74785 15 17 00.47 -09 22 58.3  2.61 -0.071 -0.08
 74824 15 17 30.96 -58 48 03.2  4.07  0.088  0.08
 74837 15 17 38.89 -63 36 37.8  4.85  1.260  1.20
 74857 15 17 49.84 -30 08 55.2  4.35  1.100  1.03
 74911 15 18 32.05 -47 52 30.7  4.27 -0.086 -0.07
 74946 15 18 54.69 -68 40 46.1  2.87  0.014  0.04
 75097 15 20 43.75 +71 50 02.3  3.00  0.058  0.12
 75141 15 21 22.34 -40 38 50.9  3.22 -0.227 -0.23
 75177 15 21 48.44 -36 15 40.2  3.57  1.534  1.59
 75206 15 22 08.39 -47 55 38.9  4.99  0.515  0.59
 75264 15 22 40.89 -44 41 22.5  3.37 -0.191 -0.20
 75304 15 23 09.36 -36 51 30.4  4.54 -0.155 -0.16
 75312 15 23 12.23 +30 17 17.7  4.99  0.577  0.65
 75323 15 23 22.66 -59 19 14.5  4.48  0.169  0.18
 75379 15 24 11.93 -10 19 18.8  4.92  0.453  0.52
 75411 15 24 29.54 +37 22 37.1  4.31  0.309  0.35
 75458 15 24 55.78 +58 57 57.7  3.29  1.166  1.07
 75501 15 25 20.25 -38 44 00.9  4.60  0.000  0.02
 75695 15 27 49.85 +29 06 19.8  3.66  0.319  0.37
 76041 15 31 46.99 +40 53 57.7  4.98  0.086  0.15
 76127 15 32 55.80 +31 21 33.0  4.14 -0.127 -0.12
 76219 15 34 10.52 -10 03 50.3  4.61  1.000  1.02
 76267 15 34 41.19 +26 42 53.7  2.22  0.032  0.05
 76276 15 34 48.19 +10 32 19.9  3.80  0.268  0.30
 76297 15 35 08.46 -41 10 00.1  2.80 -0.216 -0.22
 76333 15 35 31.54 -14 47 22.4  3.91  1.007  1.02
 76371 15 35 53.27 -44 57 30.0  4.55 -0.175 -0.20
 76440 15 36 43.19 -66 19 00.9  4.11  1.161  1.12
 76470 15 37 01.46 -28 08 06.3  3.60  1.361  1.36
 76552 15 38 03.32 -42 34 02.9  4.34  1.412  1.42
 76600 15 38 39.38 -29 46 39.7  3.66 -0.177 -0.18
 76669 15 39 22.68 +36 38 09.0  4.64 -0.103 -0.09
 76705 15 39 45.97 -34 24 42.8  4.66  0.964  0.97
 76742 15 40 16.91 -23 49 05.0  4.97  1.302  1.25
 76829 15 41 11.52 -44 39 38.0  4.64  0.413  0.47
 76852 15 41 33.09 +19 40 13.8  4.51  0.062  0.07
 76880 15 41 56.82 -19 40 42.9  4.75  1.574  1.74
 76945 15 42 41.04 -34 42 37.2  4.75 -0.151 -0.15
 76952 15 42 44.64 +26 17 43.9  3.81  0.020  0.04
 77055 15 44 03.46 +77 47 40.2  4.29  0.038  0.05
 77070 15 44 16.00 +06 25 31.9  2.63  1.167  1.09
 77233 15 46 11.21 +15 25 18.9  3.65  0.073  0.09
 77257 15 46 26.75 +07 21 11.7  4.42  0.604  0.66
 77450 15 48 44.41 +18 08 30.4  4.09  1.616  1.73
 77512 15 49 35.70 +26 04 06.8  4.59  0.794  0.82
 77516 15 49 37.27 -03 25 48.5  3.54 -0.036 -0.03
 77622 15 50 48.89 +04 28 39.3  3.71  0.147  0.13
 77634 15 50 57.54 -33 37 37.6  3.97 -0.045 -0.05
 77635 15 50 58.75 -25 45 04.4  4.63 -0.072 -0.04
 77655 15 51 13.94 +35 39 29.6  4.79  0.996  0.97
 77661 15 51 15.94 +20 58 40.4  4.74  1.534  1.60
 77760 15 52 40.19 +42 27 00.0  4.60  0.563  0.63
 77840 15 53 36.73 -25 19 37.5  4.59 -0.073 -0.06
 77853 15 53 49.48 -16 43 46.6  4.13  1.003  1.02
 77952 15 55 08.81 -63 25 47.1  2.83  0.315  0.36
 78072 15 56 26.99 +15 39 53.0  3.85  0.478  0.54
 78104 15 56 53.09 -29 12 50.4  3.87 -0.199 -0.18
 78159 15 57 35.30 +26 52 40.9  4.14  1.231  1.17
 78180 15 57 47.59 +54 44 58.2  4.96  0.269  0.29
 78207 15 58 11.38 -14 16 45.5  4.95 -0.080 -0.06
 78265 15 58 51.12 -26 06 50.6  2.89 -0.180 -0.18
 78323 15 59 30.30 -41 44 39.8  4.99  0.988  0.97
 78384 16 00 07.34 -38 23 47.9  3.42 -0.206 -0.23
 78401 16 00 20.01 -22 37 17.8  2.29 -0.117 -0.09
 78493 16 01 26.59 +29 51 03.9  4.98 -0.050 -0.03
 78527 16 01 53.70 +58 33 52.0  4.01  0.528  0.55
 78554 16 02 17.69 +22 48 15.8  4.82  0.066  0.09
 78592 16 02 47.85 +46 02 12.7  4.72 -0.094 -0.06
 78639 16 03 12.86 -49 13 47.0  4.65  0.902  0.91
 78650 16 03 20.67 -25 51 54.5  4.96  1.234  1.25
 78655 16 03 24.20 -38 36 08.9  4.90 -0.146 -0.15
 78662 16 03 32.22 -57 46 29.5  4.63  0.252  0.30
 78727 16 04 21.63 -11 22 24.8  4.16  0.460  0.53
 78820 16 05 26.23 -19 48 19.4  2.56 -0.065 -0.04
 78821 16 05 26.58 -19 48 06.6  4.90 -0.024  0.00
 78914 16 06 29.42 -45 10 23.8  4.73  0.230  0.20
 78918 16 06 35.56 -36 48 08.0  4.22 -0.184 -0.19
 78933 16 06 48.43 -20 40 08.9  3.93 -0.046  0.01
 78990 16 07 24.30 -20 52 07.2  4.31  0.831  0.85
 79101 16 08 46.20 +44 56 05.3  4.23 -0.045 -0.02
 79119 16 08 58.33 +36 29 24.4  4.73  1.015  1.00
 79374 16 11 59.74 -19 27 38.3  4.00  0.076  0.14
 79375 16 12 00.00 -10 03 51.1  4.93  0.087  0.09
 79404 16 12 18.21 -27 55 34.7  4.58 -0.172 -0.15
 79509 16 13 28.73 -54 37 49.5  4.95  1.017  0.99
 79593 16 14 20.77 -03 41 38.3  2.73  1.584  1.82
 79664 16 15 26.27 -63 41 08.3  3.86  1.105  1.03
 79790 16 17 00.94 -50 04 05.2  4.97  0.788  0.88
 79822 16 17 30.50 +75 45 16.9  4.95  0.393  0.46
 79881 16 18 17.92 -28 36 49.6  4.80  0.008 -0.01
 79882 16 18 19.24 -04 41 33.4  3.23  0.966  0.96
 79992 16 19 44.45 +46 18 47.8  3.91 -0.151 -0.19
 80000 16 19 50.57 -50 09 19.4  4.01  1.080  1.03
 80047 16 20 20.84 -78 41 44.4  4.68  1.680  2.67
 80079 16 20 38.18 -24 10 09.4  4.55  0.758  0.80
 80112 16 21 11.32 -25 35 33.9  2.90  0.299  0.31
 80170 16 21 55.24 +19 09 10.9  3.74  0.299  0.34
 80179 16 22 04.44 +01 01 44.1  4.82  0.338  0.39
 80181 16 22 05.89 +30 53 30.2  4.86  0.970  0.93
 80331 16 23 59.51 +61 30 50.7  2.73  0.910  0.84
 80343 16 24 06.20 -20 02 14.0  4.48  0.996  0.99
 80463 16 25 24.93 +14 02 00.3  4.57  0.002  0.02
 80473 16 25 35.12 -23 26 49.6  4.57  0.227  0.25
 80569 16 27 01.44 -18 27 22.3  4.22  0.217  0.24
 80582 16 27 11.05 -47 33 17.0  4.46 -0.070 -0.04
 80628 16 27 48.23 -08 22 18.1  4.62  0.185  0.20
 80650 16 27 59.05 +68 46 05.0  4.94 -0.051  0.02
 80686 16 28 27.80 -70 05 04.8  4.90  0.555  0.64
 80704 16 28 38.52 +41 52 54.1  4.83  1.289  3.61
 80763 16 29 24.47 -26 25 55.0  1.06  1.865  2.90
 80815 16 30 12.48 -25 06 54.6  4.79 -0.116 -0.12
 80816 16 30 13.26 +21 29 22.7  2.78  0.947  0.94
 80883 16 30 54.84 +01 59 02.8  3.82  0.022  0.03
 80894 16 31 08.39 -16 36 45.5  4.29  0.924  0.89
 80911 16 31 22.94 -34 42 15.6  4.24 -0.168 -0.17
 80975 16 32 08.19 -21 27 59.3  4.45  0.130  0.12
 81008 16 32 36.40 +11 29 17.6  4.84  1.495  1.58
 81065 16 33 27.46 -78 53 49.1  3.86  0.923  0.92
 81122 16 34 05.02 -44 02 43.1  4.86  0.045  0.18
 81126 16 34 06.19 +42 26 12.8  4.20 -0.013  0.02
 81266 16 35 52.96 -28 12 57.5  2.82 -0.206 -0.24
 81304 16 36 22.46 -35 15 19.3  4.18  1.535  1.72
 81377 16 37 09.53 -10 34 01.7  2.54  0.038  0.10
 81497 16 38 44.89 +48 55 41.8  4.86  1.562  2.03
 81660 16 40 55.12 +64 35 20.7  4.84  1.212  1.19
 81693 16 41 17.48 +31 36 06.8  2.81  0.650  0.70
 81724 16 41 34.40 -17 44 31.8  4.91  1.095  1.13
 81833 16 42 53.74 +38 55 20.9  3.48  0.916  0.89
 81852 16 43 05.42 -77 30 59.7  4.23  1.060  1.04
 82020 16 45 17.79 +56 46 54.1  4.84  0.375  0.44
 82080 16 45 58.16 +82 02 14.1  4.21  0.897  0.91
 82273 16 48 39.87 -69 01 39.5  1.91  1.447  1.45
 82321 16 49 14.20 +45 59 00.4  4.82  0.087  0.10
 82363 16 49 47.11 -59 02 28.7  3.77  1.562  1.67
 82369 16 49 49.97 -10 46 58.1  4.64  0.478  0.55
 82396 16 50 10.24 -34 17 33.4  2.29  1.144  1.10
 82514 16 51 52.24 -38 02 50.4  3.00 -0.200 -0.20
 82545 16 52 20.15 -38 01 02.9  3.56 -0.210 -0.21
 82671 16 53 59.73 -42 21 43.3  4.70  0.444  0.71
 82673 16 54 00.50 +10 09 55.6  4.39 -0.088 -0.13
 82729 16 54 35.11 -42 21 38.7  3.62  1.393  1.37
 82860 16 56 01.36 +65 08 04.8  4.88  0.481  0.56
 83000 16 57 40.27 +09 22 30.2  3.19  1.160  1.10
 83081 16 58 37.23 -55 59 24.2  3.12  1.552  1.60
 83153 16 59 35.05 -53 09 37.8  4.06  1.452  1.42
 83207 17 00 17.41 +30 55 34.8  3.92 -0.018 -0.04
 83262 17 01 03.63 -04 13 20.8  4.82  1.483  1.49
 83430 17 03 07.86 +14 05 31.6  4.97  1.600  2.08
 83574 17 04 49.35 -34 07 22.5  4.83  0.257  0.38
 83608 17 05 20.18 +54 28 11.5  4.91  0.471  0.54
 83613 17 05 22.66 +12 44 27.1  4.89  0.125  0.11
 83895 17 08 47.23 +65 42 52.7  3.17 -0.120 -0.14
 84012 17 10 22.66 -15 43 30.5  2.43  0.059  0.06
 84143 17 12 09.18 -43 14 18.6  3.32  0.441  0.47
 84345 17 14 38.86 +14 23 24.9  2.78  1.164  1.13
 84379 17 15 01.92 +24 50 22.5  3.12  0.080  0.06
 84380 17 15 02.85 +36 48 33.0  3.16  1.437  1.31
 84405 17 15 21.29 -26 36 00.2  4.33  0.855  0.92
 84514 17 16 36.71 -00 26 42.5  4.72  1.119  1.09
 84573 17 17 19.57 +33 06 00.4  4.80 -0.166 -0.17
 84606 17 17 40.29 +37 17 28.8  4.64  0.043  0.07
 84880 17 20 49.64 -12 50 48.8  4.32  0.037  0.07
 84893 17 21 00.21 -21 06 44.8  4.39  0.394  0.47
 84969 17 21 59.53 -67 46 14.3  4.76  1.194  1.18
 84970 17 22 00.58 -24 59 58.2  3.27 -0.186 -0.21
 85112 17 23 40.97 +37 08 45.3  4.15 -0.011  0.01
 85258 17 25 18.00 -55 31 47.4  2.84  1.479  1.50
 85267 17 25 23.66 -56 22 39.7  3.31 -0.150 -0.12
 85340 17 26 22.22 -24 10 30.1  4.16  0.283  0.30
 85355 17 26 30.88 +04 08 25.2  4.34  1.480  1.44
 85365 17 26 37.94 -05 05 11.4  4.53  0.385  0.46
 85423 17 27 21.26 -29 52 00.1  4.28  0.402  0.45
 85670 17 30 25.98 +52 18 04.9  2.79  0.954  0.93
 85693 17 30 44.30 +26 06 38.2  4.41  1.434  1.39
 85696 17 30 45.84 -37 17 44.7  2.70 -0.179 -0.23
 85727 17 31 05.98 -60 41 01.0  3.60 -0.104 -0.10
 85755 17 31 24.95 -23 57 45.3  4.78  0.016  0.08
 85792 17 31 50.52 -49 52 33.5  2.84 -0.136 -0.15
 85819 17 32 10.42 +55 11 02.8  4.89  0.251  0.28
 85822 17 32 12.90 +86 35 10.8  4.35  0.021  0.04
 85829 17 32 15.88 +55 10 22.1  4.86  0.279  0.30
 85927 17 33 36.53 -37 06 13.5  1.62 -0.231 -0.24
 86032 17 34 56.00 +12 33 38.1  2.08  0.155  0.17
 86092 17 35 39.61 -46 30 20.1  4.56 -0.020  0.01
 86170 17 36 32.85 -38 38 05.5  4.26  1.075  1.09
 86201 17 36 57.09 +68 45 25.9  4.77  0.430  0.49
 86228 17 37 19.13 -42 59 52.2  1.86  0.406  0.48
 86263 17 37 35.23 -15 23 54.3  3.54  0.262  0.29
 86284 17 37 50.72 -08 07 07.4  4.58  0.132  0.22
 86414 17 39 27.89 +46 00 22.8  3.82 -0.179 -0.21
 86486 17 40 23.73 -49 24 54.6  4.76  0.415  0.49
 86565 17 41 24.92 -12 52 30.6  4.24  0.086  0.10
 86614 17 41 56.31 +72 08 58.2  4.57  0.434  0.50
 86670 17 42 29.28 -39 01 47.7  2.39 -0.171 -0.22
 86736 17 43 25.85 -21 40 59.1  4.86  0.469  0.54
 86742 17 43 28.38 +04 34 00.9  2.76  1.168  1.10
 86929 17 45 44.00 -64 43 25.4  3.61  1.161  1.09
 86974 17 46 27.72 +27 43 21.0  3.42  0.750  0.71
 87072 17 47 33.63 -27 49 50.7  4.53  0.600  0.76
 87073 17 47 35.08 -40 07 37.1  2.99  0.509  0.64
 87108 17 47 53.57 +02 42 26.9  3.75  0.043  0.05
 87220 17 49 10.47 -31 42 11.5  4.79 -0.028  0.01
 87261 17 49 51.45 -37 02 36.1  3.19  1.192  1.15
 87294 17 50 11.11 -40 05 25.5  4.78  0.259  0.41
 87585 17 53 31.63 +56 52 20.8  3.73  1.177  1.11
 87808 17 56 15.18 +37 15 01.9  3.86  1.350  1.17
 87833 17 56 36.38 +51 29 20.2  2.24  1.521  1.54
 87846 17 56 47.43 -44 20 31.9  4.85  1.176  1.15
 87933 17 57 45.83 +29 14 52.5  3.70  0.935  0.89
 87936 17 57 47.81 -41 42 58.5  4.88  1.617  1.88
 87998 17 58 30.15 +30 11 21.4  4.41  0.380  0.51
 88048 17 59 01.60 -09 46 24.1  3.32  0.987  0.95
 88116 17 59 47.56 -23 48 57.6  4.74 -0.030 -0.01
 88128 18 00 03.42 +16 45 03.4  4.67  1.254  1.12
 88149 18 00 15.80 +04 22 07.1  4.79 -0.100 -0.08
 88175 18 00 28.92 -03 41 24.6  4.62  0.390  0.45
 88192 18 00 38.72 +02 55 53.7  3.93  0.029  0.10
 88267 18 01 30.40 +21 35 44.5  4.26  0.406  0.47
 88290 18 01 45.19 +01 18 18.4  4.42  0.046  0.06
 88404 18 03 04.91 -08 10 48.9  4.77  0.410  0.45
 88567 18 05 01.22 -29 34 48.3  4.66  0.774  0.81
 88601 18 05 27.21 +02 30 08.8  4.03  0.860  0.96
 88635 18 05 48.52 -30 25 25.1  2.98  0.981  0.99
 88657 18 06 01.91 +22 13 08.0  4.96  1.656  2.18
 88714 18 06 37.88 -50 05 29.2  3.65 -0.101 -0.06
 88726 18 06 49.88 -43 25 29.9  4.92  0.255  0.29
 88765 18 07 18.35 +08 44 01.7  4.64  0.951  0.92
 88771 18 07 21.02 +09 33 49.2  3.71  0.159  0.18
 88794 18 07 32.55 +28 45 44.9  3.84 -0.018 -0.02
 88839 18 08 04.96 -28 27 25.3  4.55  0.938  1.00
 88866 18 08 34.79 -63 40 05.0  4.33  0.228  0.23
 88886 18 08 45.49 +20 48 52.5  4.37 -0.164 -0.19
 89112 18 11 13.78 -45 57 15.6  4.52  1.009  0.95
 89153 18 11 43.33 -23 42 04.2  4.96  1.055  1.02
 89172 18 11 54.17 +31 24 19.0  4.96  1.643  2.16
 89341 18 13 45.81 -21 03 31.8  3.84  0.195  0.21
 89348 18 13 53.36 +64 23 49.9  4.99  0.440  0.51
 89642 18 17 37.73 -36 45 40.6  3.10  1.582  2.24
 89678 18 18 03.19 -27 02 33.5  4.66  1.629  1.62
 89826 18 19 51.72 +36 03 52.0  4.33  1.162  1.10
 89861 18 20 17.90 +21 57 41.2  4.92  1.594  1.82
 89908 18 20 45.44 +71 20 15.8  4.22 -0.093 -0.11
 89918 18 20 52.06 +03 22 37.7  4.85  0.911  0.90
 89931 18 20 59.62 -29 49 40.9  2.72  1.380  1.35
 89937 18 21 02.34 +72 44 01.3  3.55  0.489  0.62
 89962 18 21 18.92 -02 53 49.6  3.23  0.941  0.96
 90098 18 23 13.62 -61 29 38.1  4.35  1.462  1.50
 90135 18 23 39.55 -08 56 04.2  4.66  0.932  0.94
 90139 18 23 41.77 +21 46 13.2  3.85  1.168  1.13
 90156 18 23 54.65 +58 48 02.1  4.98  0.082  0.05
 90185 18 24 10.35 -34 23 03.5  1.79 -0.031  0.01
 90289 18 25 21.04 -20 32 29.8  4.81  1.310  1.27
 90344 18 25 58.99 +65 33 48.8  4.82  1.179  1.16
 90422 18 26 58.43 -45 58 06.0  3.49 -0.179 -0.18
 90496 18 27 58.27 -25 25 16.5  2.82  1.025  1.04
 90568 18 28 49.74 -49 04 12.1  4.10  0.995  1.02
 90595 18 29 11.85 -14 33 56.9  4.67  0.076  0.10
 90797 18 31 22.43 -62 16 41.5  4.63 -0.116 -0.11
 90830 18 31 45.44 -45 54 53.1  4.92 -0.101 -0.08
 90905 18 32 34.52 +57 02 44.2  4.77  0.611  0.67
 90982 18 33 30.16 -42 18 44.9  4.62  0.994  0.95
 91117 18 35 12.44 -08 14 35.9  3.85  1.317  1.28
 91262 18 36 56.19 +38 46 58.8  0.03 -0.001 -0.01
 91726 18 42 16.42 -09 03 09.2  4.70  0.358  0.40
 91792 18 43 02.13 -71 25 39.8  4.01  1.134  1.14
 91845 18 43 31.24 -08 16 30.9  4.88  1.112  1.07
 91918 18 44 19.36 -35 38 30.9  4.86 -0.168 -0.19
 91919 18 44 20.34 +39 40 11.9  4.67  0.170  0.19
 91926 18 44 22.78 +39 36 45.3  4.59  0.180  0.20
 91971 18 44 46.34 +37 36 18.2  4.34  0.192  0.18
 92024 18 45 26.86 -64 52 15.2  4.78  0.199  0.21
 92041 18 45 39.35 -26 59 26.8  3.17 -0.107 -0.10
 92043 18 45 39.73 +20 32 49.6  4.19  0.483  0.55
 92088 18 46 04.47 +26 39 43.5  4.83  1.199  1.16
 92161 18 47 01.22 +18 10 52.4  4.34  0.148  0.16
 92175 18 47 10.48 -04 44 52.2  4.22  1.087  1.09
 92420 18 50 04.79 +33 21 45.6  3.52  0.003  0.02
 92512 18 51 12.01 +59 23 17.8  4.63  1.185  1.20
 92609 18 52 13.04 -62 11 15.2  4.22 -0.150 -0.14
 92689 18 53 13.54 +50 42 29.8  4.92  0.903  0.88
 92761 18 54 10.18 -22 44 41.4  4.86  1.412  1.35
 92782 18 54 23.77 +71 17 49.5  4.82  1.151  1.10
 92791 18 54 30.29 +36 53 55.0  4.22  1.575  2.60
 92818 18 54 44.88 +22 38 42.3  4.57  0.782  0.86
 92855 18 55 15.92 -26 17 47.7  2.05 -0.134 -0.13
 92862 18 55 20.09 +43 56 45.2  4.08  1.397  3.14
 92946 18 56 13.16 +04 12 12.7  4.62  0.161  0.20
 92951 18 56 14.61 +04 12 07.4  4.98  0.204  0.22
 93015 18 56 57.04 -67 14 00.7  4.40  0.530  0.59
 93026 18 57 03.63 -05 50 46.4  4.83  1.057  1.03
 93085 18 57 43.78 -21 06 23.8  3.52  1.151  1.09
 93148 18 58 27.76 -52 56 19.0  4.85 -0.051 -0.03
 93174 18 58 43.47 -37 06 25.5  4.83  0.396  0.44
 93194 18 58 56.62 +32 41 22.4  3.25 -0.049 -0.03
 93244 18 59 37.39 +15 04 06.5  4.02  1.082  1.00
 93279 19 00 00.82 +32 08 43.8  4.94  1.465  1.32
 93429 19 01 40.84 -05 44 20.5  4.02  1.079  1.08
 93506 19 02 36.72 -29 52 48.4  2.60  0.062  0.06
 93542 19 03 06.83 -42 05 42.0  4.74 -0.027 -0.02
 93683 19 04 40.93 -21 44 28.9  3.76  1.012  0.98
 93747 19 05 24.61 +13 51 49.4  2.99  0.014 -0.01
 93805 19 06 14.95 -04 52 56.4  3.43 -0.096 -0.09
 93825 19 06 25.04 -37 03 45.9  4.23  0.523  0.59
 93864 19 06 56.44 -27 40 11.3  3.32  1.169  1.15
 94005 19 08 20.93 -40 29 47.9  4.57  1.070  1.06
 94114 19 09 28.28 -37 54 15.3  4.11  0.042  0.03
 94141 19 09 45.83 -21 01 24.7  2.88  0.377  0.44
 94160 19 10 01.75 -39 20 26.5  4.10  1.163  1.11
 94376 19 12 33.15 +67 39 40.7  3.07  0.990  0.94
 94481 19 13 45.49 +39 08 45.5  4.43 -0.150 -0.19
 94643 19 15 32.40 -25 15 23.8  4.86  0.569  0.67
 94648 19 15 33.29 +73 21 18.8  4.45  1.257  1.15
 94703 19 16 13.04 +21 23 25.6  4.76 -0.058 -0.05
 94713 19 16 22.10 +38 08 01.4  4.35  1.258  1.13
 94779 19 17 06.11 +53 22 05.4  3.80  0.950  0.85
 94820 19 17 38.09 -18 57 10.4  4.88  1.013  0.99
 95066 19 20 32.84 -05 24 57.1  4.98  0.937  0.93
 95081 19 20 40.07 +65 42 51.9  4.60  0.033  0.01
 95168 19 21 40.38 -17 50 50.1  3.92  0.228  0.25
 95176 19 21 43.62 -15 57 18.0  4.52  0.079  0.34
 95241 19 22 38.29 -44 27 32.1  3.96 -0.085 -0.07
 95294 19 23 13.06 -44 47 58.7  4.27  0.350  0.42
 95347 19 23 53.15 -40 36 56.3  3.96 -0.105 -0.10
 95372 19 24 07.57 +29 37 16.7  4.99 -0.120 -0.11
 95501 19 25 29.75 +03 06 52.5  3.36  0.319  0.38
 95585 19 26 31.09 +00 20 18.9  4.64  0.576  0.75
 95771 19 28 42.41 +24 39 54.6  4.44  1.502  1.68
 95853 19 29 42.34 +51 43 46.1  3.76  0.148  0.18
 95947 19 30 43.29 +27 57 34.9  3.05  1.088  1.05
 96052 19 31 46.32 +34 27 10.7  4.74 -0.150 -0.12
 96100 19 32 20.59 +69 39 55.4  4.67  0.786  0.85
 96229 19 34 05.23 +07 22 45.5  4.45  1.176  1.14
 96341 19 35 12.99 -48 05 56.8  4.88  1.096  1.06
 96441 19 36 26.54 +50 13 13.7  4.49  0.395  0.44
 96465 19 36 42.39 -24 53 00.8  4.59 -0.075 -0.06
 96468 19 36 43.28 -01 17 11.6  4.36 -0.079 -0.06
 96483 19 36 53.45 -07 01 38.9  4.93 -0.046  0.03
 96683 19 39 22.60 +30 09 11.6  4.68  0.971  0.89
 96757 19 40 05.78 +18 00 50.2  4.39  0.777  0.77
 96837 19 41 02.93 +17 28 34.0  4.39  1.041  0.96
 97118 19 44 16.55 +37 21 15.4  4.89  0.948  0.94
 97165 19 44 58.44 +45 07 50.5  2.86 -0.002 -0.02
 97278 19 46 15.57 +10 36 47.8  2.72  1.507  1.44
 97290 19 46 21.82 -19 45 39.2  4.87  1.061  1.03
 97365 19 47 23.27 +18 32 03.3  3.68  1.313  1.27
 97433 19 48 10.21 +70 16 04.2  3.84  0.888  0.88
 97649 19 50 46.68 +08 52 02.6  0.76  0.221  0.27
 97679 19 51 04.09 +22 36 36.3  4.90 -0.153 -0.12
 97804 19 52 28.36 +01 00 20.4  3.87  0.630  0.73
 97886 19 53 27.68 +24 04 46.3  4.57 -0.047 -0.02
 97938 19 54 14.82 +08 27 41.9  4.71  1.023  1.03
 98032 19 55 15.68 -41 52 06.3  4.12  1.063  1.09
 98036 19 55 18.77 +06 24 28.6  3.71  0.855  0.89
 98055 19 55 37.82 +52 26 20.5  4.91  0.124  0.12
 98066 19 55 50.23 -26 17 58.9  4.70  0.748  0.79
 98068 19 55 51.76 +38 29 12.1  4.95 -0.086 -0.07
 98073 19 55 55.39 +58 50 45.7  4.98  1.584  1.56
 98110 19 56 18.40 +35 05 00.6  3.89  1.019  0.98
 98162 19 56 56.82 -27 10 11.5  4.54  1.462  1.39
 98337 19 58 45.39 +19 29 31.5  3.51  1.571  1.65
 98353 19 58 57.18 -26 11 45.0  4.84  0.882  0.91
 98412 19 59 44.17 -35 16 34.5  4.37 -0.150 -0.15
 98495 20 00 35.39 -72 54 36.7  3.97 -0.032 -0.04
 98543 20 01 06.01 +27 45 12.8  4.66  0.184  0.19
 98608 20 01 44.72 -59 22 33.0  4.95  1.356  3.25
 98688 20 02 39.46 -27 42 35.6  4.43  1.640  2.50
 98702 20 02 49.05 +67 52 24.4  4.51  1.313  1.23
 98761 20 03 33.41 -37 56 25.8  4.77  1.417  1.40
 98842 20 04 19.56 -32 03 22.6  4.99  1.208  1.17
 99120 20 07 23.17 -52 52 50.9  4.93  1.591  1.83
 99240 20 08 41.86 -66 10 45.6  3.55  0.751  0.76
 99255 20 08 53.32 +77 42 40.9  4.38 -0.046 -0.06
 99303 20 09 25.62 +36 50 22.5  4.93 -0.139 -0.13
 99473 20 11 18.26 -00 49 17.3  3.24 -0.066 -0.06
 99639 20 13 18.04 +46 48 56.4  4.80  0.100  0.19
 99655 20 13 23.80 +56 34 03.1  4.28  0.114  0.14
 99675 20 13 37.90 +46 44 28.8  3.80  1.270  1.15
 99742 20 14 16.59 +15 11 50.9  4.94  0.072  0.09
 99770 20 14 31.98 +36 48 22.1  4.93  0.151  0.21
 99824 20 15 15.89 +25 35 31.1  4.79 -0.181 -0.22
 99848 20 15 28.32 +47 42 51.1  3.96  1.451  1.45
 99874 20 15 46.16 +27 48 51.2  4.50  1.258  1.30
100027 20 17 38.86 -12 30 29.6  4.30  0.928  1.05
100044 20 17 47.20 +38 01 58.6  4.77  0.377  0.44
100064 20 18 03.22 -12 32 41.5  3.58  0.883  0.92
100310 20 20 39.81 -12 45 32.6  4.77 -0.047 -0.06
100345 20 21 00.65 -14 46 53.0  3.05  0.790  0.90
100453 20 22 13.70 +40 15 24.1  2.23  0.673  0.65
100587 20 23 51.60 +32 11 24.7  4.43  1.331  1.31
100751 20 25 38.85 -56 44 05.6  1.94 -0.118 -0.10
101027 20 28 51.62 -17 48 49.2  4.77  0.386  0.44
101076 20 29 23.73 +30 22 06.8  4.01  0.404  0.46
101093 20 29 34.83 +62 59 38.9  4.21  0.199  0.20
101101 20 29 38.96 -02 53 07.7  4.91  1.160  1.12
101138 20 30 03.53 +48 57 05.6  4.94 -0.087 -0.06
101421 20 33 12.76 +11 18 12.0  4.03 -0.123 -0.10
101474 20 33 54.19 +35 15 03.1  4.61  1.593  1.78
101589 20 35 18.51 +14 40 27.1  4.64  0.120  0.14
101612 20 35 34.77 -60 34 52.7  4.75  0.291  0.34
101692 20 36 43.63 -02 32 59.7  4.91  1.606  1.66
101769 20 37 32.87 +14 35 42.7  3.64  0.425  0.50
101772 20 37 33.99 -47 17 30.0  3.11  0.998  0.98
101773 20 37 35.24 -61 31 47.1  4.86  0.447  0.52
101847 20 38 20.27 -01 06 18.3  4.31  0.949  0.91
101867 20 38 31.29 +21 12 04.2  4.81 -0.030 -0.01
101958 20 39 38.25 +15 54 43.4  3.77 -0.057 -0.01
102098 20 41 25.91 +45 16 49.2  1.25  0.092  0.16
102281 20 43 27.55 +15 04 28.9  4.43  0.302  0.34
102333 20 44 02.19 -51 55 15.0  4.51  0.278  0.30
102388 20 44 52.52 +25 16 15.8  4.92  1.183  1.11
102395 20 44 57.56 -66 12 11.7  3.42  0.163  0.20
102422 20 45 17.27 +61 50 12.5  3.41  0.912  0.94
102431 20 45 21.20 +57 34 49.1  4.52  0.535  0.58
102453 20 45 39.76 +30 43 10.8  4.22  1.051  1.01
102485 20 46 05.77 -25 16 13.9  4.13  0.426  0.49
102488 20 46 12.43 +33 58 10.0  2.48  1.021  1.00
102532 20 46 39.52 +16 07 29.2  4.27  1.042  1.03
102571 20 47 10.72 +34 22 26.8  4.93  1.294  1.25
102589 20 47 24.53 +36 29 26.7  4.53 -0.083 -0.12
102618 20 47 40.53 -09 29 44.5  3.78  0.000 -0.01
102624 20 47 44.24 -05 01 39.4  4.43  1.639  2.21
102724 20 48 56.29 +46 06 50.9  4.81  0.571  0.59
102790 20 49 28.93 -46 13 36.8  4.90  1.494  1.57
102831 20 49 58.08 -33 46 46.8  4.89  1.004  0.97
102978 20 51 49.30 -26 55 08.9  4.12  1.633  1.76
103004 20 52 07.73 +27 05 49.7  4.56  0.835  0.87
103045 20 52 39.21 -08 58 59.7  4.73  0.325  0.36
103089 20 53 14.75 +44 23 14.2  4.80 -0.134 -0.16
103227 20 54 48.58 -58 27 14.7  3.67  1.250  1.11
103413 20 57 10.41 +41 10 01.9  3.94  0.027  0.01
103632 20 59 49.55 +47 31 15.4  4.74 -0.084 -0.06
103738 21 01 17.46 -32 15 28.0  4.67  0.890  0.90
104019 21 04 24.32 -19 51 17.8  4.82  0.169  0.18
104060 21 04 55.86 +43 55 40.3  3.72  1.609  1.63
104139 21 05 56.78 -17 13 57.8  4.08 -0.010  0.00
104194 21 06 36.09 +47 38 54.3  4.56  1.569  1.54
104234 21 07 07.69 -25 00 20.7  4.49  1.604  1.81
104459 21 09 35.59 -11 22 18.0  4.50  0.926  0.92
104521 21 10 20.47 +10 07 55.0  4.70  0.262  0.26
104732 21 12 56.18 +30 13 37.5  3.21  0.990  0.97
104858 21 14 28.79 +10 00 27.8  4.47  0.529  0.57
104887 21 14 47.35 +38 02 39.6  3.74  0.393  0.46
104987 21 15 49.40 +05 14 53.1  3.92  0.549  0.62
105102 21 17 24.95 +39 23 40.9  4.22  0.098  0.25
105138 21 17 55.07 +34 53 48.8  4.41 -0.103 -0.09
105140 21 17 56.25 -32 10 20.9  4.71  0.070  0.09
105199 21 18 34.58 +62 35 07.6  2.45  0.257  0.26
105319 21 19 51.88 -53 26 57.4  4.39  0.191  0.21
105382 21 20 45.58 -40 48 34.2  4.80  0.029  0.07
105502 21 22 05.13 +19 48 15.7  4.08  1.108  1.05
105515 21 22 14.78 -16 50 04.4  4.28  0.888  0.89
105858 21 26 26.49 -65 22 05.3  4.21  0.494  0.61
105881 21 26 40.03 -22 24 41.0  3.77  1.002  0.88
106032 21 28 39.58 +70 33 38.5  3.23 -0.201 -0.25
106039 21 28 43.32 -21 48 25.8  4.50  0.889  0.89
106140 21 29 56.88 +23 38 19.8  4.52  1.618  1.82
106278 21 31 33.52 -05 34 16.2  2.90  0.828  0.82
106481 21 33 58.87 +45 35 31.4  3.98  0.885  0.94
106551 21 34 46.48 +38 32 01.8  4.87  1.085  1.06
106723 21 37 04.82 -19 27 57.6  4.51 -0.180 -0.17
106786 21 37 45.04 -07 51 14.9  4.68  0.175  0.19
106801 21 37 55.23 +62 04 55.0  4.76  0.246  0.38
106985 21 40 05.34 -16 39 44.1  3.69  0.320  0.32
107089 21 41 28.47 -77 23 22.1  3.73  1.008  0.98
107119 21 41 55.08 +71 18 40.3  4.55  1.108  1.07
107136 21 42 05.66 +51 11 22.7  4.69 -0.119 -0.12
107188 21 42 39.42 -18 51 58.7  4.72  0.868  0.91
107259 21 43 30.45 +58 46 48.2  4.23  2.242  3.57
107310 21 44 08.40 +28 44 35.6  4.49  0.512  0.58
107315 21 44 11.14 +09 52 30.0  2.38  1.520  1.42
107348 21 44 30.69 +17 21 00.2  4.34  1.161  1.05
107354 21 44 38.70 +25 38 42.0  4.14  0.425  0.48
107380 21 44 56.79 -33 01 32.0  4.35 -0.053 -0.05
107418 21 45 26.93 +61 07 14.9  4.25  0.474  0.73
107533 21 46 47.61 +49 18 34.5  4.23 -0.120 -0.13
107556 21 47 02.29 -16 07 35.6  2.85  0.180  0.35
108085 21 53 55.65 -37 21 53.4  3.00 -0.084 -0.10
108431 21 57 55.03 -54 59 33.2  4.40  0.297  0.35
108870 22 03 17.44 -56 46 47.3  4.69  1.056  1.15
108874 22 03 18.83 -02 09 19.2  4.74 -0.100 -0.03
108917 22 03 47.16 +64 37 39.9  4.26  0.379  0.44
109068 22 05 40.69 +05 03 29.8  4.86  1.443  1.45
109074 22 05 47.03 -00 19 11.4  2.95  0.969  0.92
109111 22 06 06.90 -39 32 35.0  4.47  1.349  1.31
109139 22 06 26.21 -13 52 10.3  4.29 -0.075 -0.06
109176 22 07 00.47 +25 20 42.2  3.77  0.435  0.51
109268 22 08 13.88 -46 57 38.2  1.73 -0.070 -0.05
109285 22 08 22.95 -32 59 18.2  4.50  0.054  0.06
109289 22 08 25.93 -34 02 37.4  4.99  1.499  1.50
109400 22 09 48.37 +72 20 28.3  4.79  0.919  0.91
109410 22 09 59.25 +33 10 41.8  4.28  0.471  0.52
109422 22 10 08.48 -32 32 54.4  4.94  0.489  0.54
109427 22 10 11.82 +06 11 52.0  3.52  0.086  0.09
109492 22 10 51.26 +58 12 04.5  3.39  1.558  1.58
109754 22 13 52.70 +39 42 53.6  4.50  1.385  1.36
109857 22 15 01.68 +57 02 36.5  4.18  0.278  0.33
109908 22 15 36.88 -41 20 48.3  4.79  0.790  0.83
109937 22 15 58.17 +37 44 55.4  4.14  1.447  1.33
110003 22 16 49.97 -07 46 59.7  4.17  0.979  0.95
110130 22 18 30.18 -60 15 34.2  2.87  1.390  1.37
110351 22 21 01.53 +46 32 11.6  4.55 -0.100 -0.10
110371 22 21 19.33 +28 19 49.9  4.78 -0.010  0.06
110386 22 21 31.07 +12 12 18.6  4.82 -0.132 -0.16
110395 22 21 39.30 -01 23 14.5  3.86 -0.057 -0.06
110538 22 23 33.64 +52 13 46.2  4.42  1.015  1.03
110609 22 24 31.00 +49 28 35.0  4.55  0.092  0.18
110672 22 25 16.61 +01 22 38.6  4.80 -0.171 -0.18
110838 22 27 19.87 -64 57 59.0  4.51 -0.029 -0.01
110882 22 27 51.48 +04 41 47.1  4.78  1.039  1.07
110960 22 28 49.80 -00 01 12.2  3.65  0.406  0.50
110991 22 29 10.25 +58 24 54.7  4.07  0.778  0.81
110997 22 29 16.15 -43 29 44.0  3.97  1.022  0.98
111022 22 29 31.82 +47 42 24.8  4.34  1.679  1.90
111043 22 29 45.45 -43 44 57.2  4.12  1.570  2.49
111104 22 30 29.26 +43 07 24.2  4.52 -0.086 -0.09
111123 22 30 38.82 -10 40 40.4  4.82 -0.053 -0.04
111169 22 31 17.38 +50 16 56.8  3.76  0.031  0.05
111188 22 31 30.29 -32 20 45.7  4.29  0.011  0.03
111310 22 33 00.01 -61 58 55.5  4.91  1.612  2.50
111497 22 35 21.33 -00 07 02.5  4.04 -0.083 -0.07
111674 22 37 22.47 +51 32 43.3  4.64  0.254  0.28
111841 22 39 15.68 +39 03 01.0  4.89 -0.207 -0.23
111944 22 40 30.78 +44 16 34.6  4.50  1.318  1.25
111954 22 40 39.33 -27 02 37.0  4.18 -0.105 -0.07
112029 22 41 27.67 +10 49 53.0  3.41 -0.086 -0.06
112051 22 41 45.41 +29 18 27.7  4.80 -0.013  0.02
112122 22 42 39.93 -46 53 04.4  2.07  1.610  2.60
112158 22 43 00.13 +30 13 16.7  2.93  0.852  0.87
112203 22 43 29.97 -41 24 50.8  4.84  1.027  1.01
112211 22 43 35.25 -18 49 49.1  4.68  1.358  1.35
112374 22 45 37.85 -53 30 00.6  4.84  1.180  1.21
112405 22 46 03.72 -81 22 53.8  4.13  0.208  0.24
112440 22 46 31.84 +23 33 56.4  3.97  1.070  0.99
112447 22 46 41.44 +12 10 26.7  4.20  0.502  0.60
112519 22 47 28.95 +83 09 13.4  4.77  1.257  1.25
112623 22 48 33.20 -51 19 00.1  3.49  0.083  0.10
112716 22 49 35.51 -13 35 33.1  4.05  1.570  1.72
112724 22 49 40.91 +66 12 02.6  3.50  1.053  1.06
112748 22 50 00.10 +24 36 06.1  3.51  0.933  0.89
112917 22 52 01.95 +43 18 44.5  4.95  1.559  1.71
112948 22 52 31.56 -32 52 31.6  4.46 -0.037 -0.01
112961 22 52 36.86 -07 34 46.8  3.73  1.626  2.07
113116 22 54 24.38 +84 20 46.0  4.70  1.418  1.38
113136 22 54 39.04 -15 49 14.7  3.27  0.066  0.08
113186 22 55 13.62 +08 48 57.9  4.91 -0.003  0.00
113246 22 55 56.89 -32 32 22.9  4.20  0.952  0.96
113288 22 56 26.00 +49 44 00.8  4.99  1.778  1.87
113368 22 57 38.83 -29 37 18.6  1.17  0.145  0.16
113638 23 00 52.87 -52 45 14.8  4.11  0.960  1.01
113726 23 01 55.25 +42 19 33.5  3.62 -0.099 -0.05
113881 23 03 46.33 +28 04 56.8  2.44  1.655  2.31
113889 23 03 52.61 +03 49 12.3  4.48 -0.115 -0.09
113919 23 04 10.83 +50 03 06.1  4.64  1.058  1.02
113963 23 04 45.62 +15 12 19.3  2.49 -0.002  0.00
114104 23 06 36.81 +59 25 11.2  4.84 -0.060 -0.02
114119 23 06 40.81 -23 44 35.2  4.48  0.892  0.92
114131 23 06 52.77 -43 31 13.2  4.28  0.423  0.44
114144 23 07 00.26 +09 24 34.3  4.54  1.559  1.79
114155 23 07 06.74 +25 28 06.0  4.76  1.285  1.30
114222 23 07 53.84 +75 23 15.3  4.41  0.802  0.84
114341 23 09 26.76 -21 10 20.9  3.68  1.202  1.16
114375 23 09 54.88 -22 27 27.3  4.71  0.674  0.75
114421 23 10 21.43 -45 14 47.9  3.88  0.998  0.95
114570 23 12 32.92 +49 24 21.5  4.53  0.302  0.35
114724 23 14 19.33 -06 02 54.7  4.22  1.545  1.89
114855 23 15 53.28 -09 05 15.7  4.24  1.107  1.06
114939 23 16 50.95 -07 43 35.3  4.93  1.613  2.56
114971 23 17 09.49 +03 16 56.1  3.70  0.916  0.97
114996 23 17 25.81 -58 14 09.3  3.99  0.410  0.50
115022 23 17 44.62 +49 00 55.0  4.82  1.668  2.14
115033 23 17 54.20 -09 10 57.0  4.41 -0.144 -0.14
115088 23 18 37.41 +68 06 41.1  4.75  0.836  0.86
115102 23 18 49.43 -32 31 54.6  4.41  1.109  1.08
115115 23 18 57.65 -09 36 38.6  4.99 -0.022  0.00
115250 23 20 38.22 +23 44 25.3  4.58  0.180  0.23
115438 23 22 58.30 -20 06 01.2  3.96  1.082  1.10
115590 23 24 50.25 +62 16 58.2  4.96  1.676  1.94
115623 23 25 22.66 +23 24 14.4  4.42  0.617  0.67
115669 23 26 02.82 -20 38 30.7  4.38  1.460  1.52
115738 23 26 55.91 +01 15 21.0  4.95  0.036  0.01
115830 23 27 58.17 +06 22 44.8  4.27  1.062  1.03
115919 23 29 09.26 +12 45 37.8  4.54  0.939  0.93
115990 23 30 01.92 +58 32 56.1  4.89 -0.122 -0.11
116231 23 32 58.19 -37 49 06.1  4.38 -0.095 -0.09
116247 23 33 16.63 -20 54 52.3  4.70  0.020  0.03
116310 23 33 57.15 +31 19 31.2  4.97  1.383  1.36
116389 23 35 04.53 -42 36 54.4  4.69  0.078  0.10
116584 23 37 33.71 +46 27 33.0  3.81  0.984  0.96
116602 23 37 50.94 -45 29 32.4  4.74  0.082  0.08
116631 23 38 08.18 +43 16 05.1  4.29 -0.083 -0.06
116727 23 39 20.98 +77 37 55.1  3.21  1.031  0.99
116758 23 39 47.04 -14 13 19.4  4.97  0.257  0.29
116771 23 39 56.82 +05 37 38.5  4.13  0.507  0.59
116805 23 40 24.44 +44 20 02.3  4.15 -0.071 -0.06
116901 23 41 45.80 -17 48 59.5  4.82  0.822  0.81
116928 23 42 02.88 +01 46 49.5  4.49  0.200  0.22
116971 23 42 43.28 -14 32 41.1  4.49 -0.032 -0.04
117073 23 43 59.44 +29 21 41.6  4.93  0.935  0.93
117221 23 46 02.04 +46 25 13.0  4.97  1.086  1.05
117245 23 46 23.54 +03 29 12.7  4.95  2.508  2.57
117301 23 47 03.39 +58 39 06.7  4.88  1.122  1.08
117452 23 48 55.48 -28 07 48.1  4.59  0.001 -0.01
117863 23 54 23.04 +57 29 57.8  4.51  1.190  1.15
118131 23 57 45.55 +25 08 29.3  4.63  1.584  2.21
118209 23 58 40.41 -03 33 20.9  4.88  0.930  0.92
118243 23 59 00.53 +55 45 17.8  4.88 -0.071 -0.05
118268 23 59 18.60 +06 51 48.9  4.03  0.419  0.49
118322 23 59 54.91 -65 34 37.5  4.49 -0.075 -0.04
   122 00 01 35.85 -77 03 55.1  4.78  1.254  1.26
   154 00 01 57.59 -06 00 50.3  4.37  1.631  2.35
   301 00 03 44.37 -17 20 09.5  4.55 -0.047 -0.03
   355 00 04 30.12 -10 30 34.2  4.99  1.619  1.64
   443 00 05 20.15 -05 42 28.2  4.61  1.029  1.04
   677 00 08 23.17 +29 05 27.0  2.07 -0.038 -0.10
   746 00 09 10.09 +59 09 00.8  2.28  0.380  0.40
   765 00 09 24.54 -45 44 49.2  3.88  1.013  1.00
   910 00 11 15.91 -15 28 02.4  4.89  0.487  0.59
  1067 00 13 14.15 +15 11 01.0  2.83 -0.190 -0.22
  1168 00 14 36.11 +20 12 24.1  4.79  1.572  1.93
  1170 00 14 38.43 -18 55 57.7  4.44  1.640  1.96
  1366 00 17 05.54 +38 40 54.0  4.61  0.059  0.07
  1473 00 18 19.71 +36 47 07.2  4.51  0.054  0.06
  1562 00 19 25.68 -08 49 25.8  3.56  1.214  1.13
  1599 00 20 01.91 -64 52 39.4  4.23  0.576  0.65
  2021 00 25 39.20 -77 15 18.1  2.82  0.618  0.68
  2072 00 26 12.12 -43 40 47.7  3.93  0.175  0.20
  2081 00 26 16.87 -42 18 18.4  2.40  1.083  1.11
  2210 00 27 55.71 -33 00 25.4  4.86  1.634  2.32
  2472 00 31 24.86 -48 48 12.8  4.76  0.018  0.01
  2484 00 31 32.56 -62 57 29.1  4.36 -0.064 -0.02
  2487 00 31 33.36 -62 57 55.6  4.53  0.147  0.14
  2505 00 31 46.32 +54 31 20.4  4.74 -0.098 -0.08
  2599 00 32 59.99 +62 55 54.4  4.17  0.130  0.17
  2912 00 36 52.84 +33 43 09.7  4.34 -0.123 -0.08
  2920 00 36 58.27 +53 53 49.0  3.69 -0.196 -0.23
  3031 00 38 33.50 +29 18 44.5  4.34  0.871  0.92
  3092 00 39 19.60 +30 51 40.4  3.27  1.268  1.23
  3179 00 40 30.39 +56 32 14.7  2.24  1.170  1.13
  3245 00 41 19.58 -46 05 06.0  4.59  0.953  0.95
  3300 00 42 03.88 +50 30 45.1  4.80 -0.105 -0.10
  3405 00 43 21.24 -57 27 47.2  4.36  0.024  0.02
  3414 00 43 28.09 +47 01 28.7  4.95  0.170  0.19
  3419 00 43 35.23 -17 59 12.1  2.04  1.019  1.00
  3455 00 44 11.41 -10 36 33.4  4.77  0.998  0.98
  3504 00 44 43.50 +48 17 03.8  4.48 -0.069  0.00
  3693 00 47 20.39 +24 16 02.6  4.08  1.100  1.06
  3786 00 48 40.90 +07 35 06.7  4.44  1.500  1.58
  3801 00 48 49.99 +50 58 05.5  4.90 -0.091 -0.07
  3821 00 49 05.10 +57 48 59.6  3.46  0.587  0.66
  3881 00 49 48.83 +41 04 44.2  4.53 -0.136 -0.14
  4147 00 53 00.49 -01 08 39.2  4.78  1.550  1.66
  4151 00 53 04.28 +61 07 24.8  4.80  0.540  0.61
  4292 00 55 00.19 +58 58 22.1  4.83  1.216  1.19
  4422 00 56 40.01 +59 10 52.2  4.62  0.957  1.01
  4427 00 56 42.50 +60 43 00.3  2.15 -0.046 -0.02
  4436 00 56 45.10 +38 29 57.3  3.86  0.130  0.14
  4463 00 57 12.43 +23 25 03.9  4.40  0.940  0.94
  4577 00 58 36.35 -29 21 26.9  4.30 -0.154 -0.12
  4906 01 02 56.66 +07 53 24.3  4.27  0.952  0.98
  5165 01 06 05.11 -46 43 06.6  3.32  0.885  0.90
  5348 01 08 23.06 -55 14 45.0  3.94 -0.120 -0.08
  5364 01 08 35.26 -10 10 54.9  3.46  1.161  1.11
  5372 01 08 44.16 +86 15 25.6  4.24  1.213  1.16
  5434 01 09 30.12 +47 14 30.6  4.26  0.012 -0.02
  5447 01 09 43.80 +35 37 15.0  2.07  1.576  1.74
  5542 01 11 05.93 +55 08 59.8  4.34  0.170  0.19
  5571 01 11 27.19 +21 02 04.8  4.66  1.024  0.99
  5586 01 11 39.59 +30 05 23.0  4.51  1.092  1.05
  5742 01 13 44.94 +24 35 01.6  4.67  1.047  1.02
  5862 01 15 10.57 -45 31 55.5  4.97  0.571  0.62
  5896 01 15 45.50 -68 52 34.5  4.25  0.480  0.55
  6193 01 19 27.98 +27 15 50.7  4.74  0.032  0.10
  6242 01 20 04.92 +58 13 53.8  4.95  0.683  0.93
  6411 01 22 20.39 +45 31 43.5  4.87  1.077  1.04
  6537 01 24 01.45 -08 10 57.9  3.60  1.065  1.05
  6670 01 25 37.21 -14 35 55.5  4.90  1.231  1.29
  6686 01 25 48.60 +60 14 07.5  2.66  0.160  0.19
  6692 01 25 55.90 +68 07 47.8  4.72  1.047  1.01
  6813 01 27 39.09 +45 24 25.0  4.83  0.421  0.49
  6867 01 28 21.94 -43 19 03.8  3.41  1.542  1.73
  7007 01 30 10.94 +06 08 38.2  4.84  1.372  1.42
  7083 01 31 14.98 -49 04 23.1  3.93  0.972  1.00
  7097 01 31 28.99 +15 20 45.0  3.62  0.974  0.94
  7294 01 33 55.93 +59 13 55.5  4.68  0.991  1.01
  7513 01 36 47.98 +41 24 23.0  4.10  0.536  0.58
  7588 01 37 42.75 -57 14 12.0  0.45 -0.158 -0.17
  7607 01 37 59.50 +48 37 42.6  3.59  1.275  1.23
  7818 01 40 34.80 +40 34 37.6  4.96 -0.068 -0.06
  7884 01 41 25.91 +05 29 15.4  4.45  1.347  1.37
  7918 01 41 46.52 +42 36 49.7  4.96  0.618  0.67
  7999 01 42 43.52 -03 41 24.4  4.98  1.378  1.26
  8068 01 43 39.62 +50 41 19.6  4.01 -0.098 -0.08
  8102 01 44 05.13 -15 56 22.4  3.49  0.727  0.82
  8198 01 45 23.59 +09 09 27.5  4.26  0.942  0.93
  8497 01 49 35.19 -10 41 10.3  4.66  0.333  0.38
  8645 01 51 27.61 -10 20 05.8  3.74  1.136  1.07
  8796 01 53 04.90 +29 34 45.8  3.42  0.488  0.55
  8832 01 53 31.77 +19 17 38.7  3.88 -0.047 -0.03
  8833 01 53 33.34 +03 11 14.9  4.61  0.928  0.93
  8837 01 53 38.82 -46 18 08.8  4.39  1.597  2.49
  8886 01 54 23.68 +63 40 12.5  3.35 -0.150 -0.12
  8903 01 54 38.35 +20 48 29.9  2.64  0.165  0.18
  8928 01 54 56.01 -67 38 50.9  4.68  0.931  0.95
  9007 01 55 56.83 -51 36 34.5  3.69  0.844  0.90
  9009 01 56 00.00 +68 41 07.0  4.97 -0.084 -0.06
  9061 01 56 40.16 -22 31 36.2  4.92  1.434  1.45
  9095 01 57 09.99 -47 23 07.1  4.82  0.864  0.89
  9153 01 57 55.78 +23 35 45.9  4.79  0.290  0.33
  9236 01 58 45.87 -61 34 11.7  2.86  0.290  0.34
  9347 02 00 00.22 -21 04 40.0  3.99  1.554  1.79
  9480 02 01 57.55 +70 54 25.4  4.49  0.164  0.20
  9487 02 02 02.80 +02 45 49.5  3.82  0.024  0.05
  9505 02 02 18.07 +54 29 15.2  4.99 -0.071 -0.02
  9598 02 03 26.19 +72 25 16.5  3.95 -0.002  0.03
  9640 02 03 53.92 +42 19 47.5  2.10  1.370  1.37
  9677 02 04 29.43 -29 17 48.6  4.68 -0.156 -0.12
  9884 02 07 10.29 +23 27 46.0  2.01  1.151  1.13
  9977 02 08 29.15 +37 51 33.1  4.78  0.120  0.16
 10053 02 09 25.29 +25 56 23.9  4.98  0.339  0.40
 10064 02 09 32.52 +34 59 14.6  3.00  0.140  0.17
 10280 02 12 22.32 +30 18 11.6  4.94  0.770  0.81
 10324 02 13 00.01 +08 50 48.3  4.36  0.878  0.90
 10340 02 13 13.34 +44 13 54.1  4.84  1.476  1.49
 10602 02 16 30.50 -51 30 43.6  3.56 -0.120 -0.11
 10644 02 17 02.42 +34 13 29.4  4.84  0.607  0.76
 10670 02 17 18.84 +33 50 50.4  4.03  0.019 -0.02
 11001 02 21 45.02 -68 39 33.9  4.08  0.034  0.04
 11313 02 25 37.40 +50 16 43.2  4.73  1.532  1.58
 11345 02 25 57.01 -12 17 25.6  4.88 -0.027 -0.01
 11407 02 26 59.10 -47 42 13.8  4.24 -0.136 -0.11
 11484 02 28 09.52 +08 27 36.3  4.30 -0.053 -0.06
 11569 02 29 03.99 +67 24 08.6  4.46  0.153  0.17
 11767 02 31 47.08 +89 15 50.9  1.97  0.636  0.70
 11783 02 32 05.28 -15 14 39.6  4.74  0.454  0.55
 11918 02 33 50.71 -28 13 56.4  4.96 -0.050 -0.04
 12093 02 35 52.49 +05 35 35.9  4.87  0.880  0.89
 12387 02 39 28.95 +00 19 42.7  4.08 -0.212 -0.22
 12390 02 39 33.73 -11 52 17.7  4.83  0.447  0.53
 12394 02 39 35.22 -68 16 01.0  4.12 -0.061 -0.07
 12413 02 39 47.92 -42 53 29.9  4.74  0.061  0.09
 12486 02 40 39.93 -39 51 19.1  4.11  1.006  1.05
 12623 02 42 14.93 +40 11 39.8  4.91  0.582  0.62
 12706 02 43 18.12 +03 14 10.2  3.47  0.093  0.10
 12719 02 43 27.11 +27 42 25.8  4.65 -0.122 -0.12
 12770 02 44 07.35 -13 51 31.2  4.24 -0.122 -0.11
 12777 02 44 11.69 +49 13 43.2  4.10  0.514  0.59
 12828 02 44 56.37 +10 06 51.2  4.27  0.311  0.37
 12843 02 45 05.98 -18 34 21.5  4.47  0.481  0.54
 12876 02 45 32.53 -67 37 00.2  4.83  0.058  0.08
 13061 02 47 54.44 +29 14 50.7  4.52  1.112  1.04
 13147 02 49 05.36 -32 24 22.6  4.45  0.981  1.00
 13209 02 49 58.99 +27 15 38.8  3.61 -0.100 -0.08
 13244 02 50 28.54 -75 04 00.8  4.76  1.337  1.27
 13254 02 50 34.91 +38 19 08.1  4.22  0.343  0.41
 13268 02 50 41.79 +55 53 43.9  3.77  1.690  1.64
 13288 02 51 02.35 -21 00 14.3  4.76  0.906  0.91
 13328 02 51 30.83 +35 03 35.6  4.56  1.554  1.67
 13531 02 54 15.46 +52 45 45.0  3.93  0.758  0.80
 13701 02 56 25.60 -08 53 51.4  3.89  1.088  1.08
 13847 02 58 15.72 -40 18 17.0  2.88  0.128  0.17
 13879 02 58 45.65 +39 39 46.2  4.68  0.065  0.11
 13884 02 58 47.77 -64 04 16.7  4.98  0.126  0.14
 13905 02 59 03.71 +35 10 59.2  4.94  1.235  1.19
 13914 02 59 12.73 +21 20 25.6  4.63  0.048  0.05
 13954 02 59 42.90 +08 54 26.6  4.71 -0.109 -0.09
 14135 03 02 16.78 +04 05 23.7  2.54  1.630  1.97
 14146 03 02 23.59 -23 37 27.6  4.08  0.163  0.18
 14328 03 04 47.79 +53 30 23.2  2.91  0.716  0.77
 14354 03 05 10.50 +38 50 25.9  3.32  1.528  2.76
 14382 03 05 32.43 +56 42 20.0  4.77  1.018  0.99
 14576 03 08 10.13 +40 57 20.3  2.09 -0.003  0.02
 14632 03 09 02.88 +49 36 48.6  4.05  0.595  0.65
 14668 03 09 29.63 +44 51 28.4  3.79  0.980  0.94
 14817 03 11 17.40 +39 36 41.7  4.61  1.115  1.09
 14838 03 11 37.67 +19 43 36.1  4.35  1.033  0.96
 14862 03 11 56.24 +74 23 37.9  4.85  0.035  0.05
 14879 03 12 04.28 -28 59 20.8  3.80  0.543  0.63
 15110 03 14 54.11 +21 02 40.7  4.87 -0.007  0.02
 15197 03 15 50.03 -08 49 11.4  4.80  0.232  0.28
 15382 03 18 22.10 -22 30 40.1  4.86  0.904  0.91
 15416 03 18 43.82 +34 13 21.6  4.85  1.491  1.41
 15457 03 19 21.54 +03 22 11.9  4.84  0.681  0.73
 15474 03 19 30.97 -21 45 28.6  3.70  1.614  2.42
 15510 03 19 53.22 -43 04 17.6  4.26  0.711  0.79
 15520 03 19 59.26 +65 39 08.4  4.74 -0.108 -0.12
 15549 03 20 20.37 +29 02 54.6  4.47  1.555  1.61
 15648 03 21 26.61 +43 19 46.7  4.96  0.051  0.06
 15863 03 24 19.35 +49 51 40.5  1.79  0.481  0.63
 15900 03 24 48.84 +09 01 44.6  3.61  0.887  0.90
 16083 03 27 10.12 +09 43 58.0  3.73 -0.082 -0.07
 16147 03 28 03.05 +49 03 46.6  4.99 -0.091 -0.07
 16228 03 29 04.13 +59 56 25.2  4.21  0.419  0.58
 16244 03 29 22.03 +49 30 32.5  4.67 -0.096 -0.07
 16245 03 29 22.19 -62 56 18.4  4.71  0.410  0.49
 16281 03 29 54.75 +58 52 43.5  4.55  0.489  0.79
 16335 03 30 34.48 +47 59 42.6  4.36  1.367  1.42
 16341 03 30 37.05 -05 04 30.6  4.74 -0.092 -0.07
 16369 03 30 52.37 +12 56 12.1  4.14  1.112  1.01
 16537 03 32 56.42 -09 27 29.9  3.72  0.881  0.94
 16611 03 33 47.25 -21 37 58.1  4.26 -0.106 -0.09
 16826 03 36 29.36 +48 11 33.7  4.32 -0.058  0.07
 16852 03 36 52.52 +00 24 10.2  4.29  0.575  0.66
 16870 03 37 05.68 -40 16 28.2  4.57  1.023  1.07
 17304 03 42 14.90 -31 56 18.2  4.99 -0.159 -0.15
 17313 03 42 22.64 +33 57 54.1  4.97 -0.048 -0.03
 17351 03 42 50.12 -37 18 48.0  4.59  1.191  1.12
 17358 03 42 55.48 +47 47 15.6  3.01 -0.125 -0.07
 17378 03 43 14.96 -09 45 54.7  3.52  0.915  0.94
 17440 03 44 11.55 -64 48 25.5  3.84  1.133  1.11
 17448 03 44 19.13 +32 17 17.8  3.84  0.022  0.12
 17499 03 44 52.52 +24 06 48.4  3.72 -0.105 -0.09
 17529 03 45 11.64 +42 34 42.8  3.77  0.425  0.52
 17531 03 45 12.48 +24 28 02.6  4.30 -0.110 -0.08
 17573 03 45 49.59 +24 22 04.3  3.87 -0.063 -0.02
 17587 03 46 02.33 +63 20 42.2  4.78  0.747  0.79
 17593 03 46 08.50 -12 06 06.2  4.43  1.604  1.89
 17608 03 46 19.56 +23 56 54.5  4.14 -0.051  0.02
 17651 03 46 50.99 -23 14 54.4  4.22  0.434  0.51
 17678 03 47 14.23 -74 14 21.3  3.26  1.590  1.94
 17702 03 47 29.06 +24 06 18.9  2.85 -0.086 -0.01
 17797 03 48 35.82 -37 37 12.5  4.30 -0.038 -0.02
 17847 03 49 09.73 +24 03 12.7  3.62 -0.070 -0.03
 17874 03 49 27.28 -36 12 00.4  4.17  0.927  0.92
 17884 03 49 31.29 +65 31 33.6  4.39  1.870  2.58
 17959 03 50 21.48 +71 19 56.5  4.59  0.064  0.13
 18216 03 53 42.68 -24 36 44.0  4.64 -0.136 -0.13
 18246 03 54 07.92 +31 53 01.2  2.84  0.271  0.18
 18255 03 54 17.49 -02 57 17.0  4.46  0.672  0.73
 18488 03 57 08.29 +61 06 32.1  4.99  1.435  1.53
 18505 03 57 25.44 +63 04 20.1  4.95 -0.074 -0.01
 18532 03 57 51.22 +40 00 37.0  2.90 -0.199 -0.19
 18543 03 58 01.73 -13 30 29.7  2.97  1.588  1.78
 18597 03 58 44.74 -61 24 00.5  4.56  1.590  1.85
 18614 03 58 57.90 +35 47 27.7  3.98  0.016  0.16
 18673 03 59 55.48 -24 00 58.5  4.62 -0.121 -0.07
 18724 04 00 40.82 +12 29 25.4  3.41 -0.099 -0.08
 18744 04 00 53.81 -62 09 33.7  4.48  1.500  2.42
 18772 04 01 18.07 -61 04 44.6  4.97  1.386  1.41
 18907 04 03 09.38 +05 59 21.5  3.91  0.032  0.03
 19038 04 04 41.66 +22 04 55.4  4.36  1.064  1.02
 19167 04 06 35.06 +50 21 04.9  4.25 -0.011  0.08
 19343 04 08 39.67 +47 42 45.3  3.96 -0.025  0.08
 19515 04 10 50.43 -41 59 37.5  4.93  0.334  0.41
 19587 04 11 51.93 -06 50 16.0  4.04  0.327  0.38
 19740 04 13 56.39 +09 15 50.0  4.84  0.799  0.86
 19747 04 14 00.08 -42 17 37.9  3.85  1.085  1.09
 19777 04 14 23.69 -10 15 21.2  4.87  1.156  1.12
 19780 04 14 25.43 -62 28 26.3  3.33  0.915  0.91
 19811 04 14 53.31 +40 29 01.4  4.67  1.007  1.07
 19812 04 14 53.86 +48 24 33.7  4.12  0.935  0.93
 19849 04 15 17.64 -07 38 40.4  4.43  0.820  0.89
 19860 04 15 32.05 +08 53 32.7  4.27 -0.054 -0.02
 19893 04 16 01.49 -51 29 13.5  4.26  0.312  0.37
 19921 04 16 29.08 -59 18 06.3  4.44  1.078  1.05
 19990 04 17 15.69 +20 34 43.5  4.93  0.259  0.30
 20042 04 17 53.62 -33 47 54.0  3.55 -0.108 -0.09
 20070 04 18 14.58 +50 17 44.3  4.60  0.043  0.16
 20205 04 19 47.53 +15 37 39.7  3.65  0.981  0.95
 20250 04 20 21.23 +27 21 03.4  4.97  1.150  1.35
 20252 04 20 24.66 +34 34 00.3  4.93  0.950  0.94
 20354 04 21 33.15 +46 29 56.3  4.80 -0.022  0.03
 20455 04 22 56.03 +17 32 33.3  3.77  0.983  0.93
 20535 04 24 02.17 -34 01 01.2  3.97  1.468  1.53
 20542 04 24 05.69 +17 26 39.2  4.80  0.154  0.18
 20635 04 25 22.10 +22 17 38.3  4.21  0.136  0.16
 20648 04 25 29.32 +17 55 40.8  4.30  0.049  0.08
 20711 04 26 18.39 +22 48 49.3  4.28  0.263  0.32
 20713 04 26 20.67 +15 37 06.0  4.48  0.262  0.33
 20732 04 26 36.38 +14 42 49.9  4.69  0.979  0.96
 20877 04 28 26.37 +16 21 34.7  4.96  1.137  1.12
 20885 04 28 34.43 +15 57 44.0  3.84  0.952  1.02
 20889 04 28 36.93 +19 10 49.9  3.53  1.014  1.04
 20894 04 28 39.67 +15 52 15.4  3.40  0.179  0.21
 21029 04 30 33.57 +16 11 38.7  4.78  0.170  0.19
 21139 04 31 52.67 -00 02 38.4  4.91  1.320  1.25
 21248 04 33 30.63 -29 45 57.0  4.49  0.972  1.00
 21273 04 33 50.86 +14 50 40.2  4.65  0.255  0.28
 21281 04 33 59.72 -55 02 42.0  3.30 -0.079 -0.08
 21393 04 35 33.07 -30 33 44.3  3.81  0.957  0.93
 21402 04 35 39.23 +10 09 39.3  4.25  0.184  0.21
 21421 04 35 55.20 +16 30 35.1  0.87  1.538  1.67
 21444 04 36 19.14 -03 21 08.8  3.93 -0.210 -0.20
 21476 04 36 41.43 +41 15 53.5  4.25  1.171  1.13
 21589 04 38 09.40 +12 30 39.1  4.27  0.122  0.15
 21594 04 38 10.87 -14 18 12.9  3.86  1.082  1.09
 21644 04 38 53.59 -12 07 23.1  4.99  0.074  0.13
 21683 04 39 16.45 +15 55 04.9  4.67  0.147  0.19
 21763 04 40 26.49 -19 40 16.5  4.32  1.599  2.27
 21770 04 40 33.82 -41 51 48.9  4.44  0.342  0.40
 21881 04 42 14.70 +22 57 25.1  4.27 -0.112 -0.10
 22109 04 45 30.14 -03 15 16.6  4.01 -0.148 -0.13
 22449 04 49 50.14 +06 57 40.5  3.19  0.484  0.53
 22453 04 49 54.67 +37 29 17.5  4.89  1.447  1.51
 22509 04 50 36.72 +08 54 00.9  4.35  0.010  0.04
 22549 04 51 12.37 +05 36 18.4  3.68 -0.157 -0.16
 22667 04 52 31.96 +14 15 02.8  4.71  1.773  2.63
 22678 04 52 38.00 +36 42 11.5  4.79  1.414  1.46
 22701 04 52 53.68 -05 27 09.9  4.36  0.257  0.33
 22783 04 54 03.01 +66 20 33.6  4.26 -0.008  0.09
 22797 04 54 15.10 +02 26 26.4  3.71 -0.179 -0.18
 22845 04 54 53.70 +10 09 04.1  4.64  0.085  0.11
 22957 04 56 22.32 +13 30 52.5  4.06  1.158  1.16
 23015 04 56 59.62 +33 09 58.1  2.69  1.490  1.46
 23040 04 57 17.22 +53 45 07.5  4.43 -0.017  0.06
 23123 04 58 32.90 +01 42 50.5  4.47  1.369  1.32
 23179 04 59 15.38 +37 53 25.7  4.93  0.037  0.06
 23231 04 59 55.71 -12 32 13.9  4.78  0.267  0.33
 23362 05 01 25.56 -20 03 06.8  4.91 -0.047 -0.04
 23364 05 01 26.34 -07 10 26.3  4.80 -0.164 -0.18
 23416 05 01 58.13 +43 49 23.9  3.03  0.537  0.61
 23453 05 02 28.68 +41 04 33.2  3.69  1.154  1.12
 23497 05 03 05.70 +21 35 24.2  4.62  0.155  0.19
 23522 05 03 25.10 +60 26 32.2  4.03  0.921  0.89
 23595 05 04 24.31 -35 28 58.3  4.55  1.177  1.19
 23607 05 04 34.14 +15 24 15.1  4.65 -0.064  0.02
 23685 05 05 27.65 -22 22 15.1  3.19  1.460  1.50
 23693 05 05 30.69 -57 28 22.8  4.71  0.526  0.60
 23767 05 06 30.87 +41 14 04.7  3.18 -0.148 -0.17
 23783 05 06 40.66 +51 35 53.3  4.98  0.343  0.40
 23835 05 07 26.68 +18 38 42.0  4.91  0.657  0.74
 23875 05 07 51.03 -05 05 10.5  2.78  0.161  0.16
 23972 05 09 08.78 -08 45 14.7  4.25 -0.187 -0.16
 24010 05 09 41.96 +15 35 50.2  4.81  0.313  0.40
 24244 05 12 17.89 -11 52 08.9  4.45 -0.099 -0.08
 24305 05 12 55.87 -16 12 19.5  3.29 -0.110 -0.09
 24327 05 13 13.89 -12 56 28.6  4.36 -0.094 -0.07
 24331 05 13 17.48 +02 51 40.5  4.46  1.166  1.12
 24340 05 13 25.73 +38 29 04.8  4.82  0.189  0.23
 24372 05 13 45.43 -67 11 07.3  4.81  1.274  1.22
 24436 05 14 32.27 -08 12 05.9  0.18 -0.030  0.03
 24608 05 16 41.30 +45 59 56.5  0.08  0.795  0.83
 24659 05 17 29.02 -34 53 39.8  4.81  0.987  1.00
 24674 05 17 36.40 -06 50 39.8  3.59 -0.115 -0.10
 24727 05 18 10.55 +33 22 19.2  4.54  1.252  1.32
 24813 05 19 08.08 +40 06 02.4  4.69  0.630  0.70
 24822 05 19 16.59 +22 05 48.1  4.96  0.937  0.92
 24845 05 19 34.53 -13 10 36.4  4.29 -0.235 -0.26
 24927 05 20 26.91 -21 14 23.1  4.70 -0.048 -0.03
 25044 05 21 45.75 -00 22 56.9  4.72 -0.168 -0.17
 25142 05 22 50.00 +03 32 40.0  4.99 -0.096 -0.14
 25247 05 23 56.84 -07 48 28.6  4.13  0.943  0.97
 25281 05 24 28.62 -02 23 49.7  3.35 -0.240 -0.16
 25302 05 24 44.83 +01 50 47.2  4.89 -0.200 -0.19
 25336 05 25 07.87 +06 20 59.0  1.64 -0.224 -0.22
 25428 05 26 17.50 +28 36 28.3  1.65 -0.130 -0.09
 25473 05 26 50.23 +03 05 44.4  4.59 -0.199 -0.21
 25539 05 27 38.08 +21 56 13.1  4.88 -0.140 -0.13
 25606 05 28 14.73 -20 45 33.2  2.81  0.807  0.86
 25737 05 29 43.98 -01 05 31.8  4.71  1.592  1.70
 25813 05 30 47.05 +05 56 53.6  4.20 -0.143 -0.14
 25859 05 31 12.74 -35 28 13.6  3.86  1.130  1.09
 25923 05 31 55.86 -07 18 05.5  4.62 -0.261 -0.28
 25930 05 32 00.40 -00 17 56.7  2.25 -0.175 -0.21
 25945 05 32 12.75 +18 35 39.3  4.32  2.060  2.54
 25984 05 32 43.67 +32 11 31.3  4.71  0.281  0.51
 25985 05 32 43.81 -17 49 20.3  2.58  0.211  0.32
 26069 05 33 37.52 -62 29 23.5  3.76  0.640  0.69
 26176 05 34 49.24 +09 29 22.5  4.39 -0.157 -0.13
 26199 05 35 02.68 -06 00 07.3  4.78 -0.248 -0.27
 26207 05 35 08.28 +09 56 03.0  3.39 -0.160 -0.13
 26220 05 35 15.82 -05 23 14.3  4.98        
 26235 05 35 22.90 -05 24 57.8  4.98 -0.097  0.03
 26237 05 35 23.16 -04 50 18.0  4.58 -0.183 -0.19
 26241 05 35 25.98 -05 54 35.6  2.75 -0.210 -0.22
 26311 05 36 12.81 -01 12 06.9  1.69 -0.184 -0.16
 26366 05 36 54.33 +09 17 29.1  4.09  0.951  1.02
 26451 05 37 38.68 +21 08 33.3  2.97 -0.148 -0.15
 26549 05 38 44.77 -02 36 00.2  3.77 -0.190 -0.25
 26563 05 38 53.09 -07 12 45.8  4.77  0.139  0.16
 26594 05 39 11.15 +04 07 17.3  4.50 -0.098 -0.02
 26634 05 39 38.94 -34 04 26.6  2.65 -0.120 -0.07
 26727 05 40 45.52 -01 56 33.3  1.74 -0.199 -0.18
 26736 05 40 50.72 -01 07 43.6  4.95 -0.197 -0.21
 26777 05 41 17.72 +16 32 03.1  4.84 -0.125 -0.10
 26885 05 42 28.66 +01 28 28.8  4.90  1.144  1.17
 27072 05 44 27.97 -22 26 51.0  3.59  0.481  0.57
 27100 05 44 46.42 -65 44 07.9  4.34  0.217  0.27
 27288 05 46 57.35 -14 49 19.0  3.55  0.104  0.11
 27321 05 47 17.08 -51 04 00.2  3.85  0.171  0.18
 27366 05 47 45.39 -09 40 10.6  2.07 -0.168 -0.14
 27468 05 49 00.96 +24 34 03.2  4.88  1.021  1.04
 27483 05 49 10.46 +39 10 52.1  4.51  0.949  0.95
 27511 05 49 32.94 +12 39 04.9  4.89 -0.068 -0.05
 27530 05 49 49.58 -56 09 59.4  4.50  1.075  1.06
 27628 05 50 57.55 -35 46 09.5  3.12  1.146  1.10
 27639 05 51 02.41 +37 18 20.5  4.72  1.621  1.90
 27654 05 51 19.15 -20 52 39.0  3.76  0.984  1.05
 27673 05 51 29.39 +39 08 54.5  3.97  1.132  1.07
 27750 05 52 26.44 +01 51 18.6  4.76  1.382  1.31
 27810 05 53 06.88 -33 48 05.2  4.88 -0.154 -0.14
 27830 05 53 19.64 +27 36 44.2  4.56 -0.008  0.00
 27890 05 54 05.90 -63 05 27.7  4.65  1.022  1.03
 27913 05 54 23.08 +20 16 35.1  4.39  0.594  0.66
 27949 05 54 50.79 +55 42 24.9  4.96  0.052  0.09
 27989 05 55 10.29 +07 24 25.3  0.45  1.500  2.32
 28010 05 55 29.89 -37 07 14.2  4.97  1.102  1.03
 28103 05 56 24.32 -14 10 04.9  3.71  0.337  0.39
 28199 05 57 32.21 -35 16 59.9  4.36 -0.165 -0.16
 28237 05 57 59.66 +25 57 14.1  4.81 -0.088 -0.04
 28328 05 59 08.79 -42 48 54.4  3.96  1.146  1.06
 28358 05 59 31.55 +54 17 05.9  3.72  1.010  0.99
 28360 05 59 31.77 +44 56 50.8  1.90  0.077  0.05
 28380 05 59 43.24 +37 12 46.0  2.65 -0.083 -0.06
 28404 05 59 56.10 +45 56 12.3  4.30  1.701  2.51
 28413 06 00 03.35 -03 04 26.7  4.53  1.202  1.26
 28574 06 01 50.43 -10 35 52.6  4.92 -0.128 -0.08
 28614 06 02 22.99 +09 38 50.5  4.12  0.170  0.19
 28716 06 03 55.18 +20 08 18.5  4.64  0.236  0.41
 28734 06 04 07.22 +23 15 49.1  4.16  0.835  0.88
 28816 06 04 59.13 -16 29 03.9  4.92  0.196  0.21
 28910 06 06 09.33 -14 56 07.0  4.67  0.046  0.04
 29038 06 07 34.32 +14 46 06.7  4.42 -0.164 -0.17
 29276 06 10 17.91 -54 58 07.2  4.72 -0.229 -0.24
 29426 06 11 56.40 +14 12 31.7  4.45 -0.180 -0.16
 29434 06 12 03.28 +16 07 49.6  4.95 -0.149 -0.12
 29651 06 14 51.34 -06 16 29.0  3.99  1.319  1.27
 29655 06 14 52.70 +22 30 24.6  3.31  1.600  2.70
 29696 06 15 22.74 +29 29 55.4  4.32  1.021  1.04
 29807 06 16 33.14 -35 08 26.6  4.37  0.978  0.94
 29997 06 18 50.78 +69 19 12.1  4.76  0.025  0.05
 30060 06 19 37.39 +59 00 39.3  4.44  0.032  0.05
 30093 06 19 59.60 -02 56 40.2  4.91  1.613  1.90
 30122 06 20 18.79 -30 03 48.2  3.02 -0.160 -0.20
 30277 06 22 06.85 -33 26 10.6  3.85  0.858  0.88
 30324 06 22 41.99 -17 57 21.3  1.98 -0.240 -0.24
 30343 06 22 57.59 +22 30 49.9  2.87  1.621  2.30
 30419 06 23 46.10 +04 35 34.2  4.39  0.215  0.25
 30520 06 24 53.90 +49 17 16.4  4.92  1.905  1.94
 30788 06 28 10.22 -32 34 48.5  4.47 -0.169 -0.16
 30867 06 28 49.07 -07 01 59.0  3.76 -0.113 -0.11
 30883 06 28 57.79 +20 12 43.8  4.13 -0.115 -0.10
 31125 06 31 51.37 -23 25 06.4  4.34 -0.245 -0.24
 31216 06 32 54.23 +07 19 58.7  4.47  0.023  0.09
 31407 06 34 58.59 -52 58 32.3  4.35 -0.021  0.06
 31416 06 35 03.38 -22 57 53.4  4.54 -0.035 -0.01
 31592 06 36 41.00 -19 15 20.6  3.95  1.037  1.02
 31681 06 37 42.70 +16 23 57.9  1.93  0.001  0.04
 31685 06 37 45.67 -43 11 45.3  3.17 -0.103 -0.07
 31700 06 37 53.43 -18 14 14.8  4.42  1.137  1.12
 31827 06 39 16.72 -14 08 44.7  4.82  1.459  1.45
 31832 06 39 19.83 +42 29 20.4  4.80  1.236  1.17
 31978 06 40 58.66 +09 53 44.7  4.66 -0.233 -0.22
 32246 06 43 55.93 +25 07 52.2  3.06  1.377  1.22
 32249 06 43 59.29 +13 13 41.3  4.49  1.167  1.11
 32349 06 45 09.25 -16 42 47.3 -1.44  0.009 -0.02
 32362 06 45 17.43 +12 53 45.8  3.35  0.443  0.48
 32438 06 46 14.15 +59 26 30.1  4.86  0.084  0.10
 32533 06 47 19.84 +08 02 14.2  4.77  1.396  1.36
 32578 06 47 51.66 +02 24 43.9  4.48  1.099  1.06
 32607 06 48 11.54 -61 56 31.1  3.24  0.225  0.28
 32759 06 49 50.47 -32 30 30.6  3.50 -0.116 -0.10
 32761 06 49 51.32 -53 37 21.0  4.41  0.899  0.92
 32768 06 49 56.14 -50 36 51.8  2.94  1.207  1.14
 32844 06 50 45.96 +41 46 53.6  4.99  1.256  1.23
 32855 06 50 52.35 -34 22 02.4  4.99  1.379  1.28
 33018 06 52 47.34 +33 57 40.9  3.60  0.102  0.14
 33092 06 53 32.91 -20 13 27.3  4.82 -0.212 -0.21
 33152 06 54 07.95 -24 11 03.2  3.89  1.740  1.58
 33160 06 54 11.48 -12 02 18.9  4.08  1.418  1.49
 33202 06 54 38.59 +13 10 40.9  4.73  0.321  0.36
 33302 06 55 37.40 -20 08 11.7  4.66  0.374  0.46
 33347 06 56 08.23 -17 03 15.3  4.36 -0.063  0.01
 33357 06 56 15.99 -48 43 16.2  4.94  1.668  2.05
 33449 06 57 16.60 +58 25 23.0  4.35  0.850  0.85
 33485 06 57 37.12 +45 05 38.8  4.90  0.027  0.05
 33579 06 58 37.55 -28 58 19.5  1.50 -0.211 -0.20
 33694 07 00 03.85 +76 58 38.8  4.55  1.365  1.35
 33856 07 01 43.15 -27 56 05.4  3.49  1.729  1.82
 33971 07 02 54.78 -04 14 21.3  4.99 -0.195 -0.19
 33977 07 03 01.47 -23 49 59.9  3.02 -0.077 -0.03
 34045 07 03 45.49 -15 37 59.7  4.11 -0.112 -0.09
 34059 07 03 53.66 -49 35 03.3  4.92  0.140  0.15
 34088 07 04 06.54 +20 34 13.1  4.01  0.899  0.90
 34444 07 08 23.49 -26 23 35.5  1.83  0.671  0.67
 34481 07 08 44.82 -70 29 57.1  3.78  1.006  0.94
 34495 07 08 51.08 -39 39 20.4  4.83 -0.179 -0.17
 34622 07 10 13.68 -04 14 15.5  4.91  1.020  1.03
 34693 07 11 08.39 +30 14 43.0  4.41  1.261  1.25
 34752 07 11 39.29 +39 19 14.0  4.91  1.451  1.48
 34769 07 11 51.86 -00 29 34.0  4.15 -0.005  0.02
 34834 07 12 33.74 -46 45 34.4  4.49  0.324  0.40
 34899 07 13 13.37 -45 10 57.1  4.87 -0.003  0.02
 34922 07 13 32.23 -44 38 25.9  4.42  1.331  3.46
 34981 07 14 15.22 -26 21 09.1  4.42 -0.170 -0.12
 35020 07 14 38.14 -48 16 18.9  4.75 -0.091 -0.07
 35037 07 14 48.66 -26 46 21.7  4.01 -0.150 -0.08
 35205 07 16 35.00 -27 52 52.6  4.66  1.589  2.11
 35210 07 16 36.84 -23 18 56.2  4.83  1.601  1.77
 35228 07 16 49.83 -67 57 25.8  3.97  0.760  0.78
 35264 07 17 08.56 -37 05 51.0  2.71  1.616  1.65
 35350 07 18 05.61 +16 32 25.7  3.58  0.106  0.12
 35363 07 18 18.40 -36 44 02.3  4.65 -0.099  0.11
 35412 07 18 40.38 -24 33 31.3  4.88 -0.160 -0.06
 35415 07 18 42.49 -24 57 15.8  4.37 -0.132 -0.10
 35550 07 20 07.39 +21 58 56.4  3.50  0.374  0.44
 35727 07 22 13.53 -19 00 59.7  4.94 -0.039  0.01
 35904 07 24 05.71 -29 18 11.2  2.45 -0.083  0.01
 36041 07 25 38.90 +09 16 34.0  4.99  0.991  0.96
 36046 07 25 43.68 +27 47 53.8  3.78  1.024  1.01
 36145 07 26 42.86 +49 12 41.9  4.61 -0.001  0.02
 36188 07 27 09.07 +08 17 21.9  2.89 -0.097 -0.07
 36284 07 28 09.83 +08 55 31.8  4.33  1.425  1.48
 36366 07 29 06.61 +31 47 02.7  4.16  0.320  0.40
 36377 07 29 13.88 -43 18 06.8  3.25  1.509  1.54
 36425 07 29 47.78 +12 00 23.8  4.55  1.276  1.21
 36431 07 29 51.41 -23 01 27.5  4.85  0.243  0.35
 36514 07 30 42.61 -30 57 44.2  4.65  0.904  0.89
 36547 07 31 04.48 +82 24 41.6  4.92  1.633  2.66
 36773 07 33 47.97 -14 31 26.0  4.82  1.362  1.37
 36795 07 34 03.21 -22 17 46.3  4.44  0.521  0.60
 36850 07 34 36.00 +31 53 19.1  1.58  0.034  0.05
 36917 07 35 22.94 -28 22 09.4  4.65 -0.111 -0.12
 36942 07 35 39.70 -52 32 01.7  4.93  1.373  1.39
 36962 07 35 55.37 +26 53 45.6  4.06  1.540  1.66
 37096 07 37 22.12 -34 58 06.9  4.53 -0.081 -0.08
 37173 07 38 18.05 -25 21 53.2  4.69 -0.100 -0.07
 37229 07 38 49.88 -26 48 14.0  3.80 -0.159 -0.15
 37265 07 39 09.96 +34 35 04.7  4.89  0.413  0.47
 37279 07 39 18.54 +05 13 39.0  0.40  0.432  0.49
 37297 07 39 27.35 -38 18 29.0  4.84 -0.189 -0.17
 37379 07 40 23.21 -15 15 49.9  4.98  1.543  1.49
 37447 07 41 14.88 -09 33 03.9  3.94  1.022  1.01
 37504 07 41 49.20 -72 36 22.1  3.93  1.033  1.02
 37609 07 43 00.46 +58 42 37.8  4.93  0.104  0.17
 37629 07 43 18.69 +28 53 02.7  4.23  1.118  1.12
 37648 07 43 32.40 -28 24 39.4  4.63  1.632  1.76
 37677 07 43 48.47 -28 57 17.4  3.94  0.160  0.34
 37740 07 44 26.87 +24 23 53.3  3.57  0.932  0.90
 37819 07 45 15.30 -37 58 07.0  3.62  1.706  1.82
 37826 07 45 19.36 +28 01 34.7  1.16  0.991  0.97
 37908 07 46 07.49 +18 30 36.6  4.89  1.425  1.54
 38070 07 48 05.17 -25 56 13.8  4.40 -0.070  0.13
 38089 07 48 20.25 -47 04 39.1  4.69  1.039  1.03
 38164 07 49 14.30 -46 22 23.6  4.10 -0.160 -0.17
 38170 07 49 17.66 -24 51 35.2  3.34  1.218  1.08
 38414 07 52 13.05 -40 34 32.9  3.71  1.012  1.04
 38455 07 52 38.65 -38 51 46.2  4.49 -0.188 -0.18
 38500 07 53 03.64 -49 36 47.1  4.63 -0.228 -0.24
 38518 07 53 18.16 -48 06 10.6  4.22 -0.130 -0.11
 38538 07 53 29.84 +26 45 57.1  4.97  0.098  0.14
 38827 07 56 46.74 -52 58 56.6  3.46 -0.177 -0.17
 38835 07 56 51.56 -22 52 48.5  4.20  0.718  0.75
 38901 07 57 40.11 -30 20 04.5  4.76  0.151  0.24
 38957 07 58 14.44 -49 14 41.7  4.47 -0.180 -0.14
 39079 07 59 44.18 -03 40 46.5  4.93  1.205  1.22
 39095 07 59 52.06 -18 23 56.9  4.61  0.087  0.11
 39138 08 00 19.97 -63 34 03.0  4.81 -0.173 -0.16
 39211 08 01 13.30 -01 23 32.7  4.69  1.475  1.54
 39311 08 02 15.95 +02 20 03.5  4.39  1.252  1.27
 39424 08 03 31.10 +27 47 39.9  4.94  1.130  1.09
 39429 08 03 35.07 -40 00 11.5  2.21 -0.269 -0.22
 39757 08 07 32.70 -24 18 16.0  2.83  0.458  0.42
 39794 08 07 55.84 -68 37 01.7  4.35 -0.113 -0.10
 39847 08 08 27.50 +51 30 24.0  4.78  0.048  0.10
 39863 08 08 35.66 -02 59 01.6  4.36  0.970  0.92
 39903 08 09 00.86 -61 18 06.1  4.74  0.437  0.53
 39906 08 09 01.64 -19 14 42.0  4.40 -0.160 -0.14
 39953 08 09 31.96 -47 20 11.8  1.75 -0.145 -0.14
 40084 08 11 16.32 -12 55 37.3  4.72  0.939  0.93
 40091 08 11 21.50 -39 37 06.8  4.44  1.590  1.62
 40096 08 11 25.90 -42 59 14.2  4.73  0.164  0.30
 40167 08 12 12.71 +17 38 53.3  4.67  0.531  0.60
 40259 08 13 19.98 -15 47 17.6  4.99  1.066  1.02
 40274 08 13 29.52 -35 53 58.4  4.78 -0.110 -0.01
 40326 08 14 02.89 -40 20 51.8  4.42  1.170  1.15
 40526 08 16 30.95 +09 11 08.4  3.53  1.481  1.47
 40702 08 18 31.27 -76 55 11.9  4.05  0.413  0.49
 40706 08 18 33.39 -36 39 34.3  4.44  0.222  0.25
 40888 08 20 38.89 -77 29 04.5  4.34  1.161  1.10
 40945 08 21 23.03 -33 03 15.7  4.83  1.419  1.35
 41037 08 22 30.86 -59 30 34.3  1.86  1.196  1.16
 41039 08 22 31.70 -48 29 25.4  4.79 -0.146 -0.12
 41075 08 22 50.13 +43 11 18.1  4.25  1.550  1.61
 41307 08 25 39.67 -03 54 22.9  3.91 -0.012 -0.02
 41312 08 25 44.25 -66 08 11.5  3.77  1.132  1.10
 41704 08 30 16.03 +60 43 06.4  3.35  0.856  0.87
 42134 08 35 19.65 -58 00 33.5  4.84  0.981  0.98
 42312 08 37 38.64 -42 59 20.8  4.11  0.109  0.20
 42313 08 37 39.41 +05 42 13.7  4.14  0.003  0.02
 42402 08 38 45.45 +03 20 29.3  4.45  1.216  1.12
 42483 08 39 42.49 -29 33 39.1  4.86  0.900  0.99
 42509 08 40 01.52 -12 28 31.3  4.98  1.415  1.40
 42515 08 40 06.14 -35 18 29.9  3.97  0.936  0.91
 42527 08 40 12.90 +64 19 40.3  4.59  1.179  1.18
 42536 08 40 17.61 -52 55 19.1  3.60 -0.168 -0.16
 42568 08 40 37.04 -59 45 39.7  4.31 -0.117 -0.08
 42570 08 40 37.58 -46 38 55.5  3.77  0.670  0.92
 42624 08 41 13.14 -47 19 01.7  4.74  0.137  0.25
 42662 08 41 43.33 -15 56 35.3  4.87  1.063  1.04
 42726 08 42 25.41 -53 06 50.5  4.83 -0.173 -0.18
 42799 08 43 13.49 +03 23 55.2  4.30 -0.192 -0.20
 42806 08 43 17.21 +21 28 06.9  4.66  0.010  0.03
 42828 08 43 35.55 -33 11 11.1  3.68 -0.180 -0.17
 42835 08 43 40.38 -07 14 01.4  4.63  0.840  0.85
 42884 08 44 23.97 -42 38 57.6  4.05  0.874  0.89
 42911 08 44 41.11 +18 09 17.5  3.94  1.083  1.01
 42913 08 44 42.20 -54 42 30.8  1.93  0.043  0.05
 43023 08 46 01.65 -46 02 29.5  3.87  0.015  0.09
 43067 08 46 22.53 -13 32 51.7  4.32  0.900  0.91
 43103 08 46 41.83 +28 45 36.0  4.03  1.007  0.96
 43105 08 46 42.56 -56 46 11.3  4.50 -0.169 -0.16
 43109 08 46 46.65 +06 25 08.1  3.38  0.685  0.78
 43234 08 48 25.98 +05 50 16.4  4.35 -0.044 -0.03
 43347 08 49 47.65 -45 18 28.5  4.94  0.043  0.06
 43409 08 50 32.01 -27 42 36.2  4.02  1.272  1.24
 43783 08 55 02.86 -60 38 41.0  3.84 -0.104 -0.08
 43813 08 55 23.68 +05 56 43.9  3.11  0.978  0.96
 43825 08 55 31.52 -27 40 53.9  4.87  0.142  0.16
 43878 08 56 19.28 -52 43 24.6  4.68 -0.115 -0.11
 43937 08 56 58.43 -59 13 45.7  4.93 -0.182 -0.21
 44066 08 58 29.20 +11 51 28.0  4.26  0.141  0.14
 44127 08 59 12.84 +48 02 32.5  3.12  0.223  0.25
 44191 09 00 05.44 -41 15 13.5  4.45  0.646  0.75
 44248 09 00 38.75 +41 47 00.4  3.96  0.463  0.53
 44382 09 02 26.80 -66 23 45.0  4.00  0.145  0.15
 44390 09 02 32.73 +67 37 46.5  4.74  1.542  2.15
 44471 09 03 37.56 +47 09 24.0  3.57  0.007  0.03
 44511 09 04 09.32 -47 05 51.8  3.75  1.174  1.11
 44599 09 05 08.83 -72 36 09.7  4.47  0.607  0.67
 44626 09 05 38.38 -70 32 18.7  4.66 -0.149 -0.13
 44659 09 05 58.38 +05 05 32.4  4.99  1.189  1.17
 44700 09 06 31.79 +38 27 08.1  4.56  1.037  0.97
 44816 09 07 59.78 -43 25 57.4  2.23  1.665  1.69
 44824 09 08 02.86 -25 51 30.7  4.62  1.594  1.66
 44901 09 08 52.39 +51 36 17.0  4.46  0.288  0.30
 45038 09 10 23.53 +67 08 03.3  4.80  0.489  0.57
 45075 09 10 54.93 +63 30 49.6  4.67  0.381  0.45
 45080 09 10 58.11 -58 58 00.9  3.43 -0.190 -0.17
 45085 09 11 04.40 -44 52 04.5  4.99  0.222  0.36
 45101 09 11 16.77 -62 19 01.3  3.96 -0.180 -0.18
 45238 09 13 12.24 -69 43 02.9  1.67  0.070  0.02
 45336 09 14 21.79 +02 18 54.1  3.89 -0.060 -0.07
 45439 09 15 36.76 -38 34 11.7  4.92  1.084  1.06
 45448 09 15 45.07 -37 24 47.3  4.63  0.473  0.52
 45493 09 16 11.28 +54 01 18.2  4.80  0.199  0.26
 45496 09 16 12.10 -57 32 29.2  4.34  1.602  1.83
 45556 09 17 05.43 -59 16 30.9  2.21  0.189  0.28
 45688 09 18 50.67 +36 48 10.4  3.82  0.066  0.12
 45751 09 19 46.40 -11 58 29.6  4.77  0.927  0.91
 45811 09 20 29.03 -09 33 20.3  4.80  0.913  0.92
 45856 09 20 56.83 -62 24 16.7  4.79  0.926  0.96
 45860 09 21 03.46 +34 23 33.1  3.14  1.550  1.65
 45902 09 21 29.60 -25 57 55.5  4.71  1.633  1.91
 45941 09 22 06.83 -55 00 38.5  2.47 -0.141 -0.17
 46026 09 23 12.34 -28 50 02.1  4.71  0.892  0.91
 46146 09 24 39.28 +26 10 56.8  4.47  1.222  1.20
 46371 09 27 18.30 -22 20 36.3  4.72  1.154  1.11
 46390 09 27 35.25 -08 39 31.3  1.99  1.440  1.39
 46509 09 29 08.84 -02 46 08.2  4.59  0.411  0.52
 46515 09 29 14.74 -35 57 04.9  4.51  1.408  1.37
 46651 09 30 42.11 -40 28 00.8  3.60  0.371  0.43
 46701 09 31 13.35 -57 02 03.8  3.16  1.538  1.59
 46733 09 31 31.57 +63 03 42.5  3.65  0.360  0.41
 46750 09 31 43.24 +22 58 05.0  4.32  1.541  1.63
 46771 09 31 56.79 +11 18 00.1  4.99  1.046  0.89
 46776 09 31 58.93 -01 11 04.8  4.54  0.109  0.16
 46853 09 32 52.33 +51 40 43.0  3.17  0.475  0.56
 46952 09 34 13.38 +36 23 51.4  4.54  0.914  0.91
 46974 09 34 26.66 -59 13 47.2  4.08 -0.013  0.01
 46977 09 34 28.97 +69 49 48.6  4.54  0.781  0.83
 47006 09 34 49.49 +52 03 05.6  4.47  0.027  0.08
 47029 09 35 03.85 +39 37 17.2  4.81  0.992  1.00
 47175 09 36 49.66 -49 21 18.5  4.34  0.173  0.18
 47193 09 37 05.35 +81 19 35.1  4.28  1.488  1.46
 47310 09 38 27.39 +04 38 57.9  4.68  1.310  1.35
 47391 09 39 21.04 -61 19 41.2  4.51 -0.070 -0.06
 47431 09 39 51.33 -01 08 33.6  3.90  1.313  1.29
 47508 09 41 09.12 +09 53 32.6  3.52  0.516  0.59
 47522 09 41 17.03 -23 35 29.5  4.76 -0.117 -0.10
 47592 09 42 14.67 -23 54 58.4  4.93  0.534  0.58
 47758 09 44 12.13 -27 46 10.4  4.78  0.516  0.61
 47854 09 45 14.83 -62 30 28.5  3.69  1.010  1.03
 47908 09 45 51.10 +23 46 27.4  2.97  0.808  0.81
 48002 09 47 06.14 -65 04 19.3  2.92  0.273  0.42
 48319 09 50 59.69 +59 02 20.8  3.78  0.291  0.39
 48356 09 51 28.68 -14 50 47.6  4.11  0.918  0.92
 48374 09 51 40.69 -46 32 51.5  4.58  1.172  1.10
 48402 09 52 06.36 +54 03 51.4  4.55  0.038  0.09
 48455 09 52 45.96 +26 00 25.5  3.88  1.222  1.13
 48559 09 54 12.44 -25 55 56.9  4.87  1.199  1.19
 48615 09 54 52.24 -19 00 33.4  4.94  1.559  1.75
 48774 09 56 51.75 -54 34 04.1  3.52 -0.067 -0.04
 49029 10 00 12.82 +08 02 39.4  4.68  1.589  1.96
 49402 10 05 07.49 -13 03 52.8  4.60 -0.087 -0.07
 49583 10 07 19.95 +16 45 45.6  3.48 -0.031  0.06
 49593 10 07 25.73 +35 14 40.9  4.49  0.190  0.19
 49637 10 07 54.32 +09 59 51.6  4.39  1.448  1.51
 49641 10 07 56.30 -00 22 17.9  4.48 -0.032 -0.01
 49669 10 08 22.46 +11 58 01.9  1.36 -0.087 -0.10
 49712 10 08 56.25 -51 48 40.5  4.85 -0.120 -0.10
 49841 10 10 35.40 -12 21 13.8  3.61  1.007  0.96
 50099 10 13 44.28 -70 02 16.5  3.29 -0.074 -0.03
 50191 10 14 44.27 -42 07 19.4  3.85  0.051  0.03
 50335 10 16 41.40 +23 25 02.4  3.43  0.307  0.39
 50371 10 17 05.01 -61 19 56.4  3.39  1.541  1.45
 50372 10 17 05.93 +42 54 52.1  3.45  0.029  0.05
 50555 10 19 36.77 -55 01 45.5  4.59  1.600  1.50
 50564 10 19 44.31 +19 28 17.2  4.78  0.452  0.53
 50583 10 19 58.16 +19 50 30.7  2.01  1.128  1.17
 50676 10 20 54.81 -56 02 35.6  4.50 -0.102 -0.08
 50799 10 22 19.61 -41 39 00.4  4.82  1.095  1.06
 50801 10 22 19.80 +41 29 58.0  3.06  1.603  1.77
 50847 10 22 58.18 -66 54 05.5  4.97 -0.128 -0.12
 50933 10 24 07.86 +65 33 59.3  4.94 -0.052 -0.02
 50954 10 24 23.74 -74 01 53.6  3.99  0.369  0.43
 51056 10 25 54.87 +33 47 46.5  4.72  0.260  0.31
 51069 10 26 05.51 -16 50 09.9  3.83  1.456  1.47
 51172 10 27 09.16 -31 04 04.1  4.28  1.429  1.47
 51192 10 27 24.48 -57 38 19.7  4.65  0.474  0.69
 51232 10 27 52.75 -58 44 21.9  3.81  0.317  0.41
 51233 10 27 53.09 +36 42 26.9  4.20  0.908  0.89
 51438 10 30 20.08 -71 59 33.8  4.72  0.042  0.06
 51459 10 30 37.76 +55 58 50.2  4.82  0.541  0.58
 51495 10 31 02.07 -73 13 17.4  4.94  1.677  1.71
 51523 10 31 22.23 -53 42 57.6  4.89  0.500  0.58
 51576 10 32 01.48 -61 41 07.3  3.30 -0.089  0.02
 51624 10 32 48.68 +09 18 23.7  3.84 -0.148 -0.13
 51658 10 33 14.00 +40 25 31.9  4.72  0.222  0.23
 51808 10 35 05.59 +75 42 46.7  4.86  0.957  0.94
 51839 10 35 28.22 -78 36 28.1  4.11  1.580  1.71
 51849 10 35 35.31 -57 33 27.5  4.45  1.604  1.62
 51979 10 37 13.80 -27 24 45.7  4.87  1.626  1.89
 51986 10 37 18.26 -48 13 32.2  3.84  0.300  0.35
 52009 10 37 33.25 -13 23 04.0  4.89  2.800  2.27
 52085 10 38 35.01 -16 52 35.9  4.91  0.922  0.85
 52098 10 38 43.21 +31 58 34.4  4.68  0.823  0.82
 52102 10 38 45.01 -59 10 58.8  4.69  1.562  1.63
 52154 10 39 18.41 -55 36 11.8  4.29  1.025  0.96
 52370 10 42 14.14 -64 27 59.2  4.76 -0.139 -0.13
 52419 10 42 57.43 -64 23 40.1  2.74 -0.220 -0.24
 52468 10 43 32.31 -60 33 59.9  4.58  1.700  1.79
 52502 10 44 06.94 -63 57 40.0  4.80 -0.134 -0.12
 52633 10 45 47.14 -80 32 24.7  4.45 -0.188 -0.19
 52727 10 46 46.12 -49 25 12.5  2.69  0.901  0.91
 52736 10 46 51.24 -64 23 00.6  4.87 -0.149 -0.18
 52943 10 49 37.43 -16 11 38.9  3.11  1.232  1.22
 53229 10 53 18.64 +34 12 56.0  3.79  1.040  1.07
 53253 10 53 29.57 -58 51 11.8  3.78  0.945  0.96
 53295 10 53 58.71 +43 11 24.1  4.66 -0.039  0.01
 53417 10 55 36.85 +24 44 59.1  4.30  0.016  0.07
 53502 10 56 43.00 -37 08 14.9  4.60  1.006  0.99
 53740 10 59 46.75 -18 17 56.8  4.08  1.079  1.06
 53773 11 00 09.25 -42 13 33.1  4.37  0.116  0.13
 53807 11 00 33.64 +03 37 03.1  4.84  1.144  1.13
 53824 11 00 44.83 +06 06 05.4  4.98  0.166  0.18
 53907 11 01 49.67 -02 29 04.2  4.73  1.593  1.77
 53910 11 01 50.39 +56 22 56.4  2.34  0.033  0.02
 53954 11 02 19.78 +20 10 47.1  4.42  0.053  0.03
 54061 11 03 43.84 +61 45 04.0  1.81  1.061  1.03
 54182 11 05 01.23 +07 20 10.0  4.62  0.332  0.39
 54204 11 05 20.03 -27 17 36.9  4.92  0.369  0.43
 54301 11 06 32.47 -62 25 26.9  4.62  0.988  0.97
 54463 11 08 35.40 -58 58 30.2  3.93  1.225  1.19
 54539 11 09 39.86 +44 29 54.8  3.00  1.144  1.09
 54682 11 11 39.49 -22 49 32.2  4.46  0.025  0.04
 54751 11 12 36.02 -60 19 03.5  4.59  0.541  0.70
 54872 11 14 06.41 +20 31 26.5  2.56  0.128  0.12
 54879 11 14 14.44 +15 25 47.1  3.33 -0.003  0.01
 54951 11 15 12.24 +23 05 43.9  4.56  1.657  2.27
 55084 11 16 39.76 -03 39 05.5  4.45  0.210  0.25
 55203 11 18 11.24 +31 31 50.8  3.79  0.606  0.68
 55219 11 18 28.76 +33 05 39.3  3.49  1.400  1.37
 55266 11 19 07.94 +38 11 08.6  4.76  0.113  0.11
 55282 11 19 20.52 -14 46 44.6  3.56  1.112  1.12
 55425 11 21 00.44 -54 29 27.7  3.90 -0.157 -0.16
 55434 11 21 08.25 +06 01 45.7  4.05 -0.058 -0.06
 55560 11 22 49.61 +43 28 57.9  4.99  0.998  0.94
 55642 11 23 55.37 +10 31 46.9  4.00  0.423  0.47
 55687 11 24 36.61 -10 51 33.8  4.81  1.556  1.67
 55705 11 24 52.98 -17 41 02.5  4.06  0.216  0.24

#END#  -ref=VIZ63c0b5d8a79bd ==========================================================================================================================================================================================================================================================================================================================================
